30964
74139
73990
1043
78818
40326
6514
54543
81561
2487
35198
60040
61227
21963
87700
71603
11862
66610
34536
58704
35691
12189
99803
27140
13379
7334
3554
59553
81780
32789
28868
13220
42640
59604
38903
34424
31569
80367
71585
38340
34407
68096
15628
83937
44719
33916
83384
25861
20423
94275
9370
66658
6910
94251
47637
47407
52255
46221
10366
17336
80792
2339
96673
6027
93314
52424
90479
73330
68149
19504
51665
51322
93351
92077
28684
3385
23399
27428
5080
44810
77940
80265
1725
14795
5768
34332
80070
21537
2274
82689
19730
61129
897
66630
42878
49100
8596
61430
12683
70943
45758
80846
10391
62140
69435
47867
20371
2892
73496
50690
29956
75653
57774
53186
24650
25262
55167
93360
41956
19117
98600
67039
82631
35154
55482
282
95566
26734
12501
14293
39233
22404
34191
12103
17453
6117
86138
16542
89744
3387
27159
96122
10325
76514
86818
76818
57069
35901
92189
38128
90444
64061
51029
64551
44232
1783
77289
72753
23032
15392
93308
35564
61814
57985
98274
5095
78398
50248
65582
48518
19446
50222
90233
1759
8566
17723
40589
3633
23767
45589
53397
84174
40267
13752
82126
93402
12888
33760
37606
87905
67966
76456
4782
886
10628
75662
53561
26167
39894
48598
93322
5784
57630
7032
37032
33197
39303
40220
58951
1870
56433
25635
57825
85381
198
2239
35818
83522
80191
12137
4990
4916
93797
71335
56315
97504
64671
10400
71102
30711
19194
50132
14114
20056
16848
24386
78900
59749
32422
53945
38024
91737
73027
79215
37553
32692
81835
44565
2039
68837
11089
88232
27607
47056
27697
18358
96985
35353
64616
11893
96645
48736
64446
43475
62677
79462
69459
46349
37284
13717
32824
98570
55973
70615
30431
69559
97141
80270
39194
52219
76231
11695
45074
46618
23360
38320
38538
78056
32239
1795
65689
8940
32690
67358
38455
83026
89589
79076
30382
80179
83520
75180
10798
14165
60649
46207
74053
80303
85839
82740
67192
93569
88376
26115
85950
52104
84060
54813
8470
12009
74192
39785
19641
29727
4643
42955
17902
87286
11202
32358
80427
5602
69439
27217
31785
99685
97071
35398
25329
29532
59944
74216
79455
28898
26315
46303
99263
10201
36949
59839
21619
56963
18502
88941
85778
23266
8191
60195
1765
13195
268
44818
85881
15415
92513
66604
69841
18998
73949
8577
19892
42672
86026
87519
5103
6559
94875
43325
62725
41887
37643
8959
44740
83368
40390
28918
95824
95786
84412
24571
42315
86363
89839
64120
66517
17721
61749
87023
83719
63308
83395
7596
39731
93586
83055
29088
82544
70106
1938
81805
98161
30431
945
84688
1482
89014
58381
30548
6614
75750
82607
20488
97152
65136
46761
62519
73230
54464
93660
54170
45952
40018
90326
20818
20982
23451
87580
21811
36389
3478
57864
43695
49442
66641
90467
97329
86699
54244
60762
93673
330
653
54888
94398
16991
69563
1345
21494
81423
82467
67391
88378
16577
42958
32414
29799
85286
18454
11387
7751
35427
4173
63252
36868
1830
92119
49234
82295
84207
48926
16202
11682
33733
35669
17028
94231
86779
20724
56470
40511
35134
51393
89399
15742
48417
51779
75328
97055
51240
15364
8613
62625
3458
57556
92212
95649
39743
47180
51151
7258
30824
91399
45441
78525
55925
59094
53994
57762
38464
60853
50873
30752
60484
13071
71241
49801
74337
38562
56271
68232
35586
35719
64710
16235
71034
89740
442
23666
69284
29090
68227
59766
60652
31891
48664
19735
28174
45804
30958
26380
96673
3675
52934
74279
36765
94204
22174
90761
94137
1764
48067
61014
51658
50835
27465
70842
89882
11720
62408
83921
19300
61824
16116
4142
31630
67491
65235
19223
85882
78440
82515
6719
58601
65225
41951
93100
79911
81294
18235
20741
88957
96361
14524
72107
91339
44175
13021
95753
47242
19021
44009
41582
73034
15647
30101
89639
26706
92444
50884
78933
67959
14022
31320
67472
18971
63776
38105
92225
63900
66845
55500
58827
20890
47481
36443
52743
22180
84715
78225
66731
35392
80934
49328
89301
16087
56719
22817
5386
95423
68249
38703
50787
78739
66299
95544
58242
86227
28559
82190
32766
10648
76862
23711
71491
45660
83897
70963
89041
35230
22676
65140
22754
21158
30979
62814
64219
25060
48941
11979
97841
61986
12400
74459
28919
14103
84810
46288
21241
14853
75563
89968
69555
83863
94938
70576
15496
4280
15769
79723
3442
80295
94784
11747
4660
74461
52852
25834
95487
64485
30580
97730
14297
80184
120
50460
86545
27509
6646
18919
68545
78289
40420
63985
50050
47923
43223
5925
97580
22416
24937
46529
42500
67045
114
61334
74326
84411
8428
51232
78369
6830
89542
10313
77292
41349
88027
40096
94242
41912
58905
749
56756
24839
86383
88108
24514
82218
78167
89476
85561
56111
57020
58395
43298
24002
80703
90688
32529
50374
13483
40746
94963
70901
73331
56235
78173
70890
96815
7706
29714
7289
13245
31522
7568
89862
32866
23752
91484
5528
63456
5309
11424
14748
49128
59907
51165
58853
2320
70442
62971
87200
92563
13467
79224
48564
23616
4449
63266
23040
87856
36332
76703
91118
90375
80391
14086
16622
34857
21417
19751
99829
95901
82982
41468
59813
80663
32282
34022
24191
34210
43936
29939
51558
71150
91947
86756
24561
8910
50052
23574
3165
90381
99097
52712
54564
75851
21376
74780
24757
3302
16475
64088
44866
39175
48167
61647
83547
62836
82351
17346
64131
4078
75877
59248
1983
57496
31680
64316
56523
48863
7747
85912
13885
75200
10474
20020
57659
53842
81049
27978
37181
16886
98201
27181
31298
36912
5037
57214
68071
77084
2369
40424
9035
96177
6972
59934
6422
80680
9759
26281
89257
44536
8838
4246
6458
39520
48329
90443
54936
82065
42721
70670
78080
58088
2506
14079
51694
30877
56245
75613
86418
20155
62658
56581
99783
32206
80171
38788
69832
62477
23919
34222
14742
51970
76281
87235
65090
53609
69464
91954
62610
6662
18299
58564
51289
86146
21589
83623
3123
93263
43880
11492
36400
47690
42972
87037
3716
26325
2061
32196
92418
14579
32418
14669
84563
58919
3695
63926
89804
72833
64673
34566
38620
68018
16536
19854
52167
66935
32382
450
29530
21474
49736
73258
64084
68728
32998
34930
76352
40193
66112
37086
50973
32632
43601
87742
50827
54130
26243
88008
70751
91065
44815
88764
31405
71200
89000
46199
36683
48269
51930
22670
59983
60384
53516
50090
76093
64423
70681
94652
83622
53168
19512
14209
87262
80630
80453
71031
66621
94616
78748
42548
28078
29833
38884
24324
36456
82611
56040
9036
37717
13386
82328
90554
75993
38109
87851
74512
5269
66125
17019
28681
256
43487
7986
37663
9804
33384
62868
32947
40401
5063
22841
82354
32104
74298
87929
59561
98044
42597
98314
66566
9036
56242
44585
967
44365
89539
23284
32803
12423
26277
75600
25484
26563
94290
78738
97791
57915
88090
25434
62068
93603
49968
2102
7289
80801
11015
6109
67263
69334
37827
96052
54989
57614
46410
94177
77569
52270
2663
92254
4517
99374
56092
31185
43480
60624
75610
88490
4579
71213
57764
42312
46836
52007
2129
13235
38379
58995
63399
62205
44922
95417
21946
42990
84169
28198
98358
95202
23140
15570
96655
81525
52308
23822
31191
2481
75336
17377
34562
23264
16218
25350
89476
55533
47973
61623
59022
45754
28850
77505
76707
15312
59734
34714
71399
47877
63359
74148
4820
41984
34364
62291
92593
66188
16442
13502
5788
66914
13042
61754
987
92119
75064
11241
82429
38435
86517
66788
8419
41097
73143
58921
47759
45380
74686
77276
84698
74868
47215
96106
91246
14875
24023
41009
24608
61086
92391
96305
24816
77235
17434
39354
71937
82932
38506
91443
74490
52833
90010
49721
94875
24945
81891
49044
88485
60017
75335
96349
95024
64207
12028
78225
99255
86069
14219
56721
20174
63015
17663
18170
5018
21427
57423
53376
81994
98955
70684
56364
57697
28912
63317
1246
45657
41428
67769
96969
83203
18100
17931
94261
29916
58844
45697
57410
58020
13912
13066
67754
65765
21814
8588
36513
42326
69617
84812
20192
91083
93934
91383
90636
95101
46966
33945
8549
86736
68182
52129
96077
51226
41394
17172
36210
89781
77815
21349
69137
64318
30527
18162
21911
54574
67478
50813
29891
31765
86602
67831
49886
9079
24168
19055
79424
21244
29069
57263
26325
20004
44549
59313
12443
90519
6647
42908
84381
97552
17283
11723
23001
3086
39293
67236
31458
63782
84947
33974
79061
69651
47029
89458
78343
53661
30997
94835
19516
22735
29404
19447
25505
71189
34159
3511
52955
71192
64022
87158
93810
29600
75888
94729
69585
88137
10135
40288
64921
42480
35984
69796
50311
51980
74612
81911
87571
4168
64197
45312
22172
11939
55825
81386
23062
17147
80375
91876
15608
17846
42252
60607
10070
29360
80173
69833
36205
61015
84891
3146
55879
80169
29455
9031
24588
31911
77717
37656
59509
65919
41754
21224
83962
30671
81353
77255
66543
97230
37579
18451
58867
14618
96119
68181
61136
96774
63738
74399
79253
65198
85060
31679
39051
1939
85853
72555
10216
94923
97624
53585
74425
62076
44410
55798
19212
10491
27447
69973
75162
15537
66287
99538
12393
65109
66658
27228
62087
8543
14103
39571
20938
82915
57982
58568
37249
478
89527
93918
67812
84133
38881
77881
44827
69308
13894
97638
38811
25729
18762
74642
27425
5894
57619
6789
11174
85210
60850
98030
9611
64621
65702
52438
30020
33317
8126
51917
33930
8590
36030
74759
36821
32111
49745
47673
20349
41873
12226
53948
61989
92649
20868
81997
92409
94034
41202
32653
91267
30636
52797
49713
13430
58590
80195
13577
56884
23515
72780
3245
95492
75968
56315
33602
28726
6914
11205
13546
5018
10022
34173
59387
80082
79450
81649
13449
96030
3491
23066
17800
36512
82379
63277
80885
11320
56745
43563
62748
34683
83558
45458
13528
98762
82263
78061
65105
58293
19859
44318
83956
92776
70057
73038
18924
22828
21711
62555
68481
39480
77266
48026
36317
13884
39247
61841
33033
6649
45256
73141
14570
87379
3379
12211
14192
17649
92192
39205
82487
2142
45603
70977
25960
2746
43819
80763
8540
65308
46807
95266
89416
44388
41569
76550
26386
47117
90566
53163
81721
76689
41084
2486
40732
84791
85187
40339
27780
5309
31973
40907
61337
99193
54845
23725
51696
52137
68000
23546
40327
2413
86982
41439
36964
94261
64499
32534
65751
28901
64613
35316
12135
61364
85211
1677
96103
29017
65387
14993
71039
52819
27276
70248
60444
8881
63943
33657
50126
3561
5589
84129
38763
5130
35871
96355
64469
50071
60584
95027
51218
24061
10185
43442
44207
31072
2334
99753
60823
85846
47908
36424
31550
7120
78204
64797
22325
24125
3620
39066
95611
75563
77823
87718
85095
66457
51379
15893
34907
14034
63427
62373
4440
1227
80390
94395
96585
49197
74798
32438
20133
87842
39209
49697
80958
18533
61118
50602
12492
57965
16388
21837
79887
80716
38719
61103
84031
78031
60775
31279
95886
80659
91708
30601
95609
93549
36660
59806
11923
97820
22630
74259
39706
72751
10010
61499
11581
32496
91848
86058
17992
73182
733
46772
5472
90326
44912
81473
43673
38501
55280
54208
45459
32780
43889
33716
8987
47927
92480
92996
62850
36297
45318
41951
99299
51959
46143
40419
66700
80014
16714
6012
7406
16459
96145
41863
54974
21375
37110
84820
99252
27393
40413
67626
82172
49452
55852
21949
8528
77673
14118
12506
48300
3224
49266
18891
91830
47066
24505
84036
31393
96164
96180
5023
31563
47534
38780
52955
1701
19777
56411
49983
66217
34787
13594
55447
46910
2538
73688
81518
85139
87326
88608
137
67417
54303
59375
23378
34662
74063
75827
18342
20600
46754
70681
63616
67155
80554
21399
83435
23267
88204
3376
35639
99828
35332
65721
30402
48486
78156
92141
84813
48645
16300
70441
52411
75961
90927
9599
81027
73548
44715
32055
19397
33602
23409
53926
91158
40784
18875
16285
59025
82033
35107
31209
96096
11990
66386
67055
982
37313
63453
91735
99953
40419
85098
69449
37084
69333
7979
28896
35811
9814
89015
70741
37430
47629
20054
64625
85759
37073
42473
86592
14018
49413
37271
76089
99964
4317
10426
12704
6945
28570
35921
32381
44352
49590
25681
66318
27782
39098
4395
33434
54774
37556
12882
60916
63812
17749
99123
67494
84931
9516
73690
72607
45264
71274
37688
83128
56815
69039
70932
54511
73647
69298
40812
37832
74596
48208
598
67408
31428
85191
98735
91045
5569
76783
24022
73754
56839
37124
8789
704
43377
87480
13537
13432
29673
66734
38648
16903
76973
66048
87687
30020
87257
27238
8698
5523
64451
83135
31908
4791
92133
30425
54837
22059
30026
31437
20409
74308
97268
13961
75285
39549
12587
13672
38765
47889
9693
13406
30491
70761
68400
67781
3213
71923
60398
41514
74091
14211
35359
65961
70980
79956
51090
25617
84062
32256
12931
52608
23797
38450
24301
50367
9456
51924
93350
8846
33791
45830
24342
12744
88603
29123
12301
57402
58333
1764
81325
20543
70526
80186
89648
81731
24144
15781
92077
39667
91455
17716
69860
67825
79363
94905
83177
3377
27874
20370
75195
52082
18758
31189
47403
18755
72157
12060
67749
3526
31479
18142
76883
67708
39651
10183
27890
36501
57907
60266
2698
78386
56599
3047
11148
16431
17035
78421
2400
84931
69298
17977
84451
4624
97773
73020
76880
22024
20236
11480
8791
51539
34936
41588
14883
62362
59173
65659
93711
80846
84683
23830
97389
69441
40973
61333
81937
23285
86042
43485
5410
13989
99079
24519
26284
9095
92150
69788
61218
61792
29793
8460
95774
31161
16323
49829
60091
40078
72454
86627
10685
61896
82451
7421
87579
76667
4837
25349
60307
6191
71539
13875
88276
97668
8743
35458
89147
54833
56614
67008
60222
68779
44097
82503
14970
249
24917
86517
41978
4902
19003
45159
44422
45726
58150
50550
26066
96056
3218
70434
25424
23472
38484
68168
38579
68806
99462
91114
25827
39539
40933
51081
56787
36627
96247
36524
59118
58692
97531
23800
15053
97897
31062
36667
14141
40993
62067
4945
76352
10135
63009
84650
93987
49937
6198
27495
16901
62284
46664
98569
31690
45955
59246
74806
46987
88493
65909
6087
12339
46513
24854
39046
98041
50487
16222
61847
25238
2841
21795
73419
23020
25196
10587
50144
10661
21147
40829
88414
62872
48957
51346
64306
84731
74343
81756
75711
23126
98912
62724
75
14975
72954
28010
10472
22174
4251
19133
78037
36257
1364
12391
62676
30330
96282
19969
49582
71780
35201
76262
70860
60780
30347
12584
18508
51728
52674
44085
71702
19718
55956
49591
4389
82423
57255
57184
26369
55206
55444
67399
74897
1413
9596
59102
17349
12201
92978
73967
79481
98266
96397
43272
22533
89612
15286
1139
30435
62699
98948
20685
41678
69180
78340
20665
89927
5286
16950
66817
76210
91848
98816
77962
71909
77554
80533
7617
28658
68104
49389
81320
25014
23910
82449
77838
17399
1672
38214
27581
22648
24649
54119
12076
18542
32891
98262
48196
92740
10590
28855
60696
19664
38129
32120
33464
39816
29987
7530
93257
65179
42392
35833
81868
54921
77734
48833
54942
77960
15353
27940
66775
56725
44054
90939
9992
40402
69975
46018
61032
86070
80449
17765
39045
67896
73732
17148
6717
75831
36937
94146
1231
33403
46323
72209
70623
15475
51186
15069
7739
88617
52155
59303
46299
95292
74025
55634
94297
98966
12760
85009
26420
12160
63404
16478
51332
35979
15395
25916
6620
77918
54104
95907
33191
93089
86598
1823
58769
20741
77438
83622
86250
66065
403
69329
25134
98862
55752
64912
50803
71555
79560
90722
73142
89420
46079
27502
48493
19030
30826
26371
10712
61105
80154
41001
1273
68542
94611
1380
87181
36875
9409
9790
78418
57436
64162
55654
6505
9013
89225
4445
15189
46225
84417
41251
95350
27059
95751
36205
81862
36840
64112
15984
35557
85082
16233
52757
54464
37215
52735
66772
93165
76724
70339
45417
78752
19521
1501
3647
2720
46455
99624
5202
4256
94121
70307
68154
8514
22660
59080
54658
37680
54246
73607
9836
7932
93248
63790
98215
70343
6397
75663
75001
81833
8263
63710
79924
3566
51288
50926
2124
23107
32647
62408
53038
35492
51227
6224
58770
89745
75325
34897
46518
26709
86771
72424
35879
53608
92934
26337
92699
48196
72877
1960
18558
97639
72340
68801
29512
38493
57817
57433
98904
339
87279
47444
56819
19297
57110
75972
80168
9756
66581
39156
70935
81473
54069
25450
84336
41839
61700
55321
75807
28504
50736
94202
9705
95009
20836
17423
47916
24218
45019
2097
2791
92431
77577
47403
30094
57029
29973
88985
67273
96459
71772
42877
20823
64006
69630
91015
92553
11549
47975
80739
49214
49420
85653
82455
76322
47572
69947
24656
95355
49432
89424
76154
16569
18194
95613
30580
69120
57655
45342
29753
63529
33254
73999
18700
10871
21188
98847
75852
97202
59442
93805
25488
79047
92593
58374
94747
83821
90070
44395
74793
79580
46570
56953
12438
48300
29870
90674
92126
1401
24722
12549
96116
75825
50536
74283
62617
99285
48658
74078
15385
90682
61490
1982
77915
5795
98147
42356
33487
93050
73556
93003
84477
95
4510
35732
44952
97873
72542
34984
95417
34583
28418
77972
45688
31362
98040
49564
69001
22935
70051
28722
71740
49854
7655
36849
19158
654
59912
14833
8494
22220
97270
22856
27139
53769
41841
65519
24490
12979
26506
28364
16661
33052
34856
60581
7740
79826
91000
40935
74273
82337
68692
78783
34671
23402
95899
73032
28555
31731
13487
8563
81912
56216
8591
9094
7798
19150
89700
21811
52352
46268
10075
5437
10982
88841
95746
85554
94627
51340
83033
48934
66101
35456
7048
51328
2633
46684
17350
30713
84432
27086
70689
56843
47931
94703
88269
68176
5380
94226
45759
3127
30174
69689
81151
2757
5208
38090
2156
20936
27893
31520
92272
93747
16904
41843
9340
20119
62259
15278
43645
76419
31686
33040
2989
38215
8493
81680
44869
40505
46891
56996
37223
97671
61823
74689
45484
30960
85255
48845
32029
52448
45612
36823
16018
56661
97815
60596
34242
82374
3730
17793
48476
45966
86087
31553
43301
2884
69672
27010
21420
53378
20092
99850
38657
6484
44858
69425
24281
27206
86342
20033
87091
8957
35577
82085
98988
68457
25073
88208
84873
94616
10948
35304
39699
8755
79781
97696
39893
80592
85151
67873
76784
27112
51285
26439
94784
44064
3315
11390
74440
85561
64295
11299
46635
33514
24478
42478
25019
30673
73617
94824
17398
17180
44526
79201
49089
59969
50667
24683
80940
75650
3331
20949
46625
88959
39623
84267
21767
80240
401
10789
26870
82703
38080
33122
58432
35682
3484
98065
64885
92821
29135
94776
13580
9682
11743
13039
71787
4296
99565
5486
74962
32687
9978
14690
30886
49265
82099
37616
30206
7478
24132
46992
11655
90705
37409
36726
61827
85739
50442
74490
7997
92932
58751
82647
55691
36825
84625
96539
30067
70933
47154
47190
15224
97756
20525
18237
44891
95453
24029
61522
56559
32150
97644
16010
27878
10563
74758
24289
15205
96155
72841
91936
35319
20603
2414
3384
28381
91065
2960
63827
58206
95055
99339
64589
10753
5884
65051
10621
43103
24996
32580
76566
43369
69344
54989
65548
51823
82852
97165
47060
97380
88712
47643
31042
37169
60893
69389
37745
2318
68436
12129
92033
48637
96151
75078
22324
27982
91090
35077
7109
86894
16905
36802
93735
32367
4595
26701
97549
91804
86835
76344
70514
19332
23344
57894
4335
67260
44475
8071
69847
45583
54088
20260
6153
4302
33531
99803
59476
88078
76503
23859
20085
76192
41369
67890
1436
39312
33505
80356
10952
23509
44031
79927
6810
40988
12108
59461
81773
33125
41883
75483
99661
26917
17520
63589
51920
40884
94789
25506
82424
69925
77299
85539
75076
18756
31795
64469
15635
57933
31716
1356
46682
68554
19807
76436
9092
84706
97350
43592
27627
84054
51463
40928
11596
92145
70262
51756
41712
3246
93808
60278
34449
3645
2669
97574
33703
77483
54409
74313
55976
583
82562
27416
45374
76986
21865
50293
38467
12050
37170
61015
18102
22623
36891
27547
96725
79714
3270
98227
62094
82164
46837
9867
26847
74756
75919
60916
85081
5530
17968
23042
19096
28219
76926
88014
80900
54464
40479
30691
49183
7471
25228
22929
80027
69389
17768
80807
88220
36637
64435
65925
13205
86037
54084
65951
3870
5205
39879
29001
58842
42648
28235
19619
95313
96290
10887
89333
37675
68590
89488
11551
90547
8900
41140
27851
64382
87377
24526
14594
35937
5166
31542
26588
86550
37740
5437
88135
4909
2001
81653
91892
25157
79805
32711
34880
682
88238
37254
40149
96363
52171
65167
91328
92432
81133
94213
61524
92930
72151
59339
82591
9239
96713
16596
67838
86006
11500
87073
30326
87456
26078
45385
16420
2088
6342
64874
64915
692
49102
95551
43146
44464
75108
44663
26021
23740
54448
87431
76979
4454
47767
14531
40491
61717
28926
1973
50573
79444
52803
3756
79275
99880
75305
97860
64092
19684
14597
56464
62391
26797
37056
32536
54704
4669
95287
97492
81760
92715
51729
51523
30857
17403
59362
18710
60765
94336
92700
59498
26898
23561
71479
1876
88614
16521
6000
1936
38305
56215
23217
81531
67894
52763
38497
34175
77525
96384
65070
21739
209
68951
96703
49697
62875
61432
69979
30243
86926
51170
92281
76730
7870
5816
48733
91503
10497
42883
87353
57706
82032
76726
32792
19080
95797
75433
98993
91513
74085
98381
14553
10227
87214
53053
85047
44106
27846
59932
34079
66213
63276
27555
18883
923
72079
18319
12354
11592
44761
31442
98389
23984
47155
45545
33324
71556
24334
55134
57050
95753
33242
61043
90532
74439
30723
72411
59188
24565
73101
42757
60926
79939
63472
98013
46979
24832
28072
96203
98288
70951
152
44660
37517
18490
36333
27293
64674
25724
74809
82258
28843
59098
71887
23081
83075
21077
29165
92035
82512
76945
19636
44150
82572
25611
10795
22458
62374
5246
56053
69980
19150
52411
73262
16352
18164
99363
85887
12943
97145
53525
37469
40156
80299
15719
56292
19551
22730
62464
13656
6703
78662
19934
86195
26915
62599
95670
6058
78216
37391
39538
35835
98447
23127
92452
12755
78472
63467
81662
54870
64092
87345
93842
64360
47824
9023
6811
49369
26550
12213
24099
33408
34389
68213
37796
51028
10961
10193
94625
54592
2242
30182
13775
46203
93074
42708
91701
4211
63643
34385
92561
46352
43485
44236
28380
19650
58051
59120
56093
68711
31982
67920
78205
10638
36206
59272
73582
54846
57264
72461
56836
81787
8719
59623
5479
58124
55638
88260
34366
7079
94543
77050
7624
98732
42935
22031
46386
79702
26611
33406
23697
79938
53354
45707
75495
24250
25106
40948
88305
14690
37709
53042
88309
28356
6812
57455
950
6245
78538
95823
21143
79949
74001
73665
29930
39345
57775
21973
39388
35007
4311
41338
6154
79983
37501
81123
68659
98908
9759
22666
79057
38777
25985
6089
16638
37361
9415
82048
24090
20907
99846
59812
85610
63900
5817
62536
58351
89497
50034
61641
74407
72678
70282
2254
49897
6355
85885
70841
49188
13936
18352
67745
44838
51140
5153
87831
40199
77224
76417
44456
472
83450
88391
14054
26930
64437
44813
25841
59545
58619
55409
18182
10562
48853
67248
48427
4437
31023
66319
28717
50722
58769
71362
26941
14317
81016
81968
53701
35239
92037
24273
82851
59424
80801
86915
76038
94355
2570
90811
81681
39839
9403
7844
8669
6998
57638
87070
13858
11560
7362
93235
44629
97632
8207
27923
58171
59602
19684
96313
9512
49524
32363
93106
15493
15562
96648
63912
17003
27127
29375
14254
44667
37497
89720
70121
85970
79169
46849
46274
31495
73537
31646
4641
35869
71906
82365
79255
16334
27711
43898
88154
63978
56623
53532
86351
65931
12533
47503
54828
72456
89264
88605
63298
17541
37472
88418
75570
55527
2128
36764
98398
55335
28325
80321
71709
97148
48691
46449
93744
76583
98055
25336
53731
36388
84187
32866
88247
2145
30906
80346
69498
26548
73979
90075
95822
35273
92453
8006
29885
88401
93508
45379
14118
21417
59600
1990
39082
52957
75755
33575
43678
77032
32414
61114
58306
502
58482
73654
37454
44241
13857
60025
24000
9481
78245
58258
79014
28294
41386
70326
15577
97590
71342
16875
61215
47558
51656
26699
27847
58607
15424
61840
4637
56135
70432
74586
16726
60084
96715
62406
41891
27946
19884
721
13575
52198
48519
94784
8084
77725
65274
53033
45471
29011
88795
44778
54
93378
52484
24350
30042
80591
43387
25972
83912
68935
77974
62877
16188
7637
91071
29620
28769
82250
90337
66750
81369
77014
63006
76359
69464
68967
89190
43283
65829
33307
11115
69955
27345
93715
41613
61692
65100
87105
75296
27537
48247
11211
69655
89145
43567
91137
61209
40766
5252
35586
90463
47744
82731
28680
50337
87669
18962
23455
6753
2688
49377
20701
32557
38540
51669
65367
88465
96832
74655
42114
19041
24858
86535
98390
99236
14763
49212
34752
53916
91358
59823
58716
1798
78741
69799
7933
98239
39925
611
67902
16515
45171
66904
59020
63659
57629
43969
77734
83571
28668
19823
74175
91124
92711
7589
63537
21157
28634
70011
27531
51373
55064
73592
89436
92315
67718
58367
66553
75512
45835
42128
97026
31038
8676
91209
42241
51834
23382
59578
63624
57107
61620
44650
84100
14193
32919
45589
32379
60019
48774
70851
65055
63085
3329
91801
43068
80213
65776
1137
17593
16714
701
10911
59424
32804
98265
49026
83373
66126
5444
52443
25512
57417
16482
81004
64232
8502
98244
64186
15243
54235
98557
12834
17594
83785
76956
75615
21336
94642
2959
48692
46914
66527
64883
98920
67506
69155
22341
46644
66792
95380
89423
20945
71093
93099
11884
5044
6547
53802
13989
91914
63263
38796
98871
95119
43918
43466
18429
53670
95262
30923
41832
52003
64178
6801
69022
25900
40256
59568
83283
60219
69352
88486
46177
63110
82579
10097
30584
39559
47428
78532
89425
63623
40496
35291
20525
88873
64044
48376
90096
51980
48320
48681
67228
27961
56381
70176
30948
4563
47906
87205
23726
82057
50929
59766
17143
32613
19303
73746
96134
66397
14429
28496
88038
67623
29942
14423
26492
69612
96534
76954
61892
21484
6921
91264
69928
88646
18696
71132
63990
41081
3016
51775
79105
31339
26062
7292
20419
36049
46239
44637
4655
6143
88842
92320
66884
16001
69758
85083
23795
16147
86180
48869
42165
7840
73187
73202
11415
89021
39452
94043
28013
26149
32261
19720
5856
73166
84205
48539
84578
27136
36134
743
35410
42913
16892
57309
54989
64286
29749
28775
51547
47983
45168
20093
28387
36762
18014
73648
37221
18325
47682
88484
46684
1325
85745
78076
45237
57149
61529
74499
87318
46173
41751
37246
67280
90694
63740
39579
81349
32757
91335
60291
44289
34468
14030
95189
62717
11172
19840
65808
57199
78660
99294
72982
24873
15370
7303
91020
3851
84940
3344
97196
71588
87212
31566
61211
58921
99233
15328
24078
97209
31230
67204
46380
114
61770
56240
25352
12959
30180
83575
77179
13640
78348
48820
15104
81088
566
90968
51268
24401
9327
21335
22285
63618
5936
60554
63765
99170
36021
71976
77974
75754
78604
69239
57137
61048
71370
46587
67760
26337
51699
50066
77768
46467
92259
76796
82814
96499
70206
86882
10481
31823
26719
76722
64135
36843
14409
31167
16802
15815
62786
17337
46649
51453
64825
30970
7113
76185
54094
44091
29562
62277
94693
20725
90642
95791
98483
27273
82561
96307
45302
28309
28026
8157
96990
46127
92956
62093
27063
90922
3131
41975
72944
44547
61234
62552
85679
27301
46981
94841
69934
94704
67487
6251
35116
52083
27362
5483
38417
47315
38955
54523
36400
75960
4830
96563
7956
84733
31891
86566
16400
86273
93505
81643
73133
10730
35817
48376
99875
60559
64737
96441
1175
19820
72311
16328
30082
74558
4432
93625
24529
60490
63254
70511
10764
90248
7156
63234
13052
3634
19286
97558
2415
6554
68207
35339
51812
88477
42141
93641
1003
25939
15477
38122
241
18715
66853
19055
10307
97617
16712
66506
93450
21006
62487
84602
90326
84734
99399
8580
68691
22246
80006
24688
75447
76046
67934
98741
90942
6308
73935
7931
46133
50641
96744
22918
75598
87043
26601
72404
70787
36810
22507
5821
3530
73759
71744
81400
85700
73867
55786
47177
11637
78333
58305
62506
32584
97988
56785
30430
23305
37350
669
56100
84770
97342
64992
13790
18669
97720
81258
59972
69179
13895
55925
64588
35025
37002
93372
77276
28500
12449
61327
51242
92340
86407
4766
26387
26162
47057
70620
13562
4610
13823
52679
29913
64142
89640
8774
99692
53659
65001
23472
50470
85467
29048
71178
14721
39403
35249
59283
52593
55186
38755
22227
47074
3276
19375
40243
30616
42835
61125
36041
92735
18021
97078
77039
24111
4890
37586
39722
36778
2491
10910
75826
4208
5156
95966
84140
76772
4617
5130
76129
78786
73180
29277
70761
63472
33067
9121
86673
84111
86068
98311
92492
44543
22535
42718
66570
9259
51318
6071
60294
44922
90100
18359
37099
8853
67610
51981
68139
50094
30632
52564
43087
83088
162
23941
65353
55868
65937
87576
70003
82025
38950
36939
77970
75974
32448
52096
73707
77139
45451
12802
95860
47037
86370
67634
67710
72293
71287
74718
27410
86796
61848
94887
2118
20770
10446
32321
9779
95488
7268
39571
35789
81088
57119
66980
98274
59868
4198
40524
95140
57509
28174
59200
57441
49941
35968
83934
92741
32912
51727
65706
45409
1949
13244
57010
12037
57863
33045
46943
21628
35737
48490
99265
90942
32066
53340
36934
2841
29039
5547
42739
36688
68768
40105
69069
81803
72132
31824
63598
11417
31933
69502
36229
79428
28896
40309
48511
9404
96351
10158
4636
53430
44805
81008
95790
549
59404
68039
30520
90674
12741
34568
53139
18896
64610
51730
84246
51078
45495
87595
87834
31674
92530
30088
55280
51016
167
6858
8715
30594
37724
73527
2822
15151
12690
12142
6747
44290
98996
95546
33085
26612
78061
964
11615
41141
14351
20246
82502
15171
24195
15777
71818
54601
96929
91602
13953
32497
25537
3231
9413
10524
30616
25895
91065
32828
3464
7238
87055
64357
49695
74669
71348
40486
49704
19995
647
12832
66420
75435
45693
93176
28166
13311
23407
91081
78878
16476
93315
66708
63647
65491
36496
58729
17884
3392
80704
41167
87107
76446
20076
25848
90583
77883
84046
99029
15914
41200
24340
66635
19530
61236
78874
10443
54082
75936
80406
40465
31702
16269
12603
60923
16139
87714
85711
630
77224
3744
48090
40117
9389
98859
17406
7879
19857
71933
75808
40034
53706
25687
30379
28346
66988
7981
88966
42421
45543
46245
39457
21196
83127
6032
82003
20075
79768
38429
82455
9580
95679
30603
84546
41550
47818
40882
13098
51857
27335
94644
60469
74879
116
27186
44683
68043
95487
88176
66827
96994
6150
36472
21525
45598
47200
37021
12087
98852
39860
76464
78522
11246
31735
14759
12036
85729
98427
36324
10176
10226
13579
87306
5273
49070
12382
71928
47684
57514
74522
98582
49899
60376
22466
32219
74905
93383
98536
114
48354
2137
76856
25516
32710
94641
914
79330
47560
84113
6849
74710
8639
89317
67032
61321
95215
82291
7784
35690
70196
16675
18100
77131
30055
98515
18547
93455
58881
73593
7075
65001
50420
52639
7311
52401
97019
37627
26063
36443
14809
66645
29395
79389
79946
82629
56730
49920
25120
32888
71788
42810
18966
31290
28976
54818
27938
29974
45694
26891
26425
12618
38237
55236
54106
6234
4783
69392
77781
96786
97524
59264
11263
94704
7852
25938
64904
98130
52523
39748
20294
16288
686
58513
8410
83386
40086
37636
12036
39366
23265
2079
95328
95723
66223
15058
65168
75957
3712
82378
13907
82859
65298
91029
97251
57219
18347
3746
24447
8416
78548
19020
16380
38041
20383
15767
25400
70507
3499
61911
12516
13104
60061
44839
42913
35120
20849
11510
32868
13944
18224
31504
94565
9109
50591
39398
17854
99629
82449
2932
74576
43093
17362
48070
6909
88815
51535
68663
22129
2598
58826
75043
87439
76506
59294
7888
71523
52199
49164
1574
84645
68916
24657
91350
54412
83671
25708
4097
31427
1373
19874
29847
54306
66493
60708
72348
7767
97361
53620
99494
29436
98447
66313
43079
27703
89672
82465
32924
53975
5519
25270
7087
54058
32109
32567
93954
3732
93524
39933
17805
75672
65049
82927
26934
77536
64897
12168
71489
61900
39246
19959
29041
49690
30271
78210
39901
50092
80803
95445
53796
26841
32288
2097
83964
92831
10287
70911
2892
1401
28446
13437
27505
34699
22999
35883
84696
22804
98063
39677
21241
60903
25478
33782
62075
20605
48021
94534
74827
72803
15838
64625
67458
11939
70173
31329
21311
27878
67988
52621
22014
21827
40090
21949
24588
6979
5078
11158
85601
96411
10998
14603
62911
41609
45484
40992
31427
58311
4907
34385
63711
58863
94709
56373
14688
33763
82720
66598
6395
69057
6526
60370
27776
33680
78395
24420
32394
75169
64911
86226
13983
94787
49652
10308
33904
6288
65052
8840
44941
34845
8647
4848
6471
70293
31818
70200
85577
89024
80827
57423
15767
98436
68605
74761
96294
912
14059
1987
40465
81085
8826
31343
53566
52415
18771
62295
39115
56601
4932
93413
63696
23125
56298
77385
92304
33716
37881
35188
39783
70093
26415
51398
37367
24811
37899
68194
53129
37317
50733
509
79694
17528
10481
99654
80063
28433
59933
75543
17699
78582
56358
30806
44431
59765
27261
76886
70083
50303
62298
13342
5059
81614
38090
25207
51144
27259
51596
96579
23153
72663
54983
57765
11833
7500
64315
30509
32295
1161
67369
11498
99360
64852
49216
51681
26163
38833
50821
17415
97634
91999
20038
52084
91151
400
58411
72171
15152
31842
40788
36025
63377
57710
71874
15839
91800
95794
21907
85899
55649
94090
81476
88033
79221
13826
47730
18448
41677
37908
99339
4282
64471
54267
56840
45080
33297
5576
25394
31904
24022
83684
22568
27995
61233
58888
36001
70678
98989
44009
16610
31615
43168
17542
56800
87529
40850
80689
66378
64935
9464
81580
85152
3496
71609
7650
57471
15878
21220
34403
26929
19048
30129
33476
62421
43642
57613
68143
74486
769
77561
24393
71249
89460
91869
75433
39537
78038
38444
68663
80001
88120
47204
73240
5327
29701
40702
79431
24816
66526
13587
80192
61584
83972
38038
37945
83652
97215
97574
35123
42978
11050
72928
48790
57123
99154
38519
19770
93575
30065
10797
23443
44862
47670
67451
9248
97671
29664
71913
5196
92806
52030
52375
52357
24173
86548
74520
10591
42672
733
63293
3791
58394
44574
59130
65432
69665
9861
42300
5627
42624
41011
12228
60412
72696
26125
19855
6635
66327
82472
58040
89353
39438
73163
10972
61367
70264
28759
89339
58043
74086
64282
34096
46101
50310
82521
68193
85246
39103
59746
64664
58442
45948
354
1866
26722
30452
6610
69839
72011
87827
81795
71831
57304
32530
8250
4275
77013
83590
60063
42909
23004
45972
74503
16188
75701
27578
96413
49251
98872
94507
95772
98812
29869
93554
51864
27762
27079
23178
75585
2123
15892
76038
72009
54458
30981
64564
54658
27737
45900
10242
91981
13313
83615
55134
52601
51335
6080
30779
83311
41002
58057
11967
22550
93097
67303
99407
90657
11514
11795
49045
84923
26217
77615
73110
95486
90214
56096
86700
83311
43734
47325
32431
74910
6428
33064
35332
87945
26758
33773
87961
16448
82424
80760
62588
70621
61927
2810
8977
67596
70583
69219
41408
16001
3484
97826
58727
60744
79150
46224
93589
86865
58524
42491
86274
87970
4058
67427
19817
39967
65650
45633
81671
58830
3766
60486
1456
14112
64771
82883
85753
97550
11482
51395
37434
55574
80809
12282
73636
85777
37300
470
31190
38258
82054
57177
88933
2981
73212
18045
13478
74312
11810
15000
25855
31062
77512
95949
13736
56206
61931
69937
40581
18415
8245
50410
51893
6494
58117
61237
70683
5173
36678
9035
68221
5957
2471
56199
56924
27807
41717
25812
479
74651
56864
80584
38389
98827
94147
89357
27958
22734
51622
59372
72001
42025
76487
42660
6905
11987
61022
14820
15298
80792
28592
98768
10705
96317
47284
20458
62347
41610
27129
77819
10917
38373
97478
29800
94510
73036
7761
3810
7046
56604
29049
14441
72509
39382
62034
53496
43889
73147
66079
32131
89941
42603
6717
73517
23941
328
21245
50948
94081
27153
92253
78684
40633
85042
53245
91803
69120
348
93237
88630
89948
69270
16674
26286
14971
71979
12744
85896
87744
87103
13198
57990
30841
31343
96202
90242
67047
27726
72328
14094
9262
37513
6264
30491
2671
34974
81090
75498
82513
47704
39412
28562
1107
95619
76372
69458
52857
25911
314
59892
92877
76178
81293
43052
8967
65422
19374
52595
83855
41598
21807
52618
75295
62768
45851
45592
60915
39051
65091
10919
31384
70705
5730
29975
36797
88173
31223
94760
10543
51437
64904
62764
90152
17733
971
17281
56900
23518
34117
25236
42427
8170
53933
69268
81293
76145
62224
12853
28257
28217
65312
13838
79802
94362
27180
55013
83751
66659
1157
21631
10659
21034
3707
21534
16140
42138
63332
26547
5408
29605
96273
96519
29449
81205
75589
60164
26334
56691
41880
37478
30605
61287
36357
49101
83957
67759
54917
427
40704
21300
58676
11010
19171
38878
72478
90608
95784
26744
5054
19532
59910
18684
9967
67352
44837
75241
44069
40962
10591
74952
3044
73668
61858
9884
78079
71232
51485
18119
73621
53821
98471
35008
47043
71102
78039
57945
98604
11423
93049
14966
44726
38025
5530
72289
70796
66357
87309
64967
46680
36171
35196
62868
75991
76358
10844
71029
14336
89523
60663
7166
96260
28785
97620
15283
44177
93287
35028
80109
85781
15827
22764
48461
33359
58475
54772
43178
88727
24135
2581
79882
32309
71328
84842
71011
1191
9953
71867
31584
85638
7464
72894
84143
72278
44992
72552
23372
9389
406
65017
9941
82059
19403
30149
60634
43483
13046
72563
37231
32874
81784
24697
80582
79409
52218
78422
25532
60174
42600
3869
52437
58234
15069
83214
47049
10382
12038
25527
45166
80202
66210
52478
54600
89737
36384
65683
4420
32851
65730
26927
41710
30130
6162
50721
68538
76983
45174
39045
63330
49176
42792
18809
14881
19936
19274
51912
30579
95996
18568
4906
38690
66981
60064
80510
93825
44078
46617
80096
24326
42420
32190
83628
47912
36480
83140
62468
49434
39645
30659
27358
35437
81820
79760
26676
17015
58142
90967
73200
93891
74845
84865
82670
58044
83591
7795
54191
83113
60798
59695
82341
23294
95585
39358
73327
49601
28441
72751
22407
56336
83569
28432
54717
19336
18111
83359
40570
97922
86149
85077
15585
22051
80382
59167
5670
35845
61095
34841
16169
25393
72873
94371
75572
39035
71097
70850
19458
33982
69259
97363
76517
86907
2124
40269
73298
41256
74877
9084
85974
87540
88325
99720
1131
38680
45537
54492
52891
33196
8008
65103
24873
54300
46582
88150
40933
13342
98776
42360
88932
42064
56181
43396
72699
43421
57760
76444
36315
57293
53188
24208
86574
6280
1236
36575
70135
9317
77908
37437
85180
9329
86229
44155
46359
78085
71725
92477
61002
91517
25776
52536
61558
27127
72503
49629
91104
54300
57903
68716
37379
41914
27108
35730
43617
40246
82459
71480
82166
19658
56522
2902
28705
29712
39680
61397
17162
92142
20505
70971
48307
49719
84418
62807
84856
82283
65802
99091
59201
15104
79003
69282
90245
36994
31287
87109
62724
33245
43216
87491
8207
5570
36684
48997
95348
3284
79749
47639
1002
34696
42511
27140
34684
93675
95953
54445
97175
52194
28140
34523
79654
88153
23020
34149
6380
37164
18146
969
54746
57801
25696
8776
51606
75426
79073
66736
46826
81780
83135
52025
81545
18031
13545
81586
36915
6861
63374
25680
99196
1804
27569
47753
18423
10505
86749
9387
52719
23086
2996
29162
24552
38994
14599
73328
84846
72757
76103
39366
62584
25414
17645
3898
22278
18689
16935
57631
78660
519
89726
58289
45668
63493
67509
54047
89485
18182
79498
91482
12671
82432
31157
56589
88888
6141
88223
9312
94282
81151
48228
65448
63723
4163
85941
68463
92300
93016
36352
82860
40317
8725
37320
6765
92275
74953
74954
750
61148
87740
30846
27025
73564
95646
35588
59013
28135
86765
85828
15277
26819
69334
66446
71446
97934
62579
42649
85760
68891
95009
72838
8384
41118
97651
2340
65408
80818
99158
70409
85604
91023
29767
23864
93417
56838
22183
86987
62412
83503
95971
25097
7800
96046
48759
36353
45103
70547
18045
11985
59197
52747
64113
90415
95002
59062
5540
92459
26702
66790
28957
63719
188
19250
94111
26668
24588
14974
48522
67488
25094
32339
79116
73887
73183
38587
57798
33286
2159
7126
12867
83618
46107
87962
20283
18480
97536
85840
32849
74078
71858
20571
88262
58544
99617
37495
36004
91437
66144
88527
10484
21901
29952
54896
82815
7927
85344
82332
42672
23174
4669
28138
37265
99339
85182
2406
68357
52627
83945
61931
20691
99799
59841
51822
57601
64586
9333
55670
65924
72735
22394
60940
73860
81525
12043
75857
49400
44825
19879
6265
7302
91958
93188
66007
52844
51948
13724
78965
68121
64596
50071
29358
28761
98775
1575
83619
88977
79313
15899
78558
44233
30539
3858
95700
24211
10498
1007
92252
92940
34254
92052
57433
66018
87375
84282
73315
16385
26598
82928
26755
43861
91318
96136
62363
75580
59020
73076
52756
7830
19659
76996
51455
82744
58387
94559
88850
3500
71634
44736
15573
62719
78510
28834
27313
90720
10420
73580
10443
8496
48850
58955
1255
41375
75110
39039
11175
57422
45349
44434
13660
4161
21507
52950
59527
12993
83309
60677
90590
13406
26862
66016
82927
68022
7526
27990
12514
55425
90225
31584
82054
24649
2979
62645
56694
26503
57914
84857
8588
12990
16101
79025
76538
42214
9851
11023
91381
96420
52964
13320
52078
65792
60109
70124
68862
32488
58504
29692
98138
98789
87661
94164
63904
10799
27768
69642
34332
4866
84525
59524
27583
83128
82026
14868
44052
87544
30682
52446
85160
13004
79855
14010
50184
89557
9296
77177
37019
39613
63010
65171
61955
42099
43892
19227
97703
3885
25366
91253
41359
3396
76257
98471
66670
48690
11927
94117
19745
40057
19395
73087
83891
75866
32986
77467
79676
47350
24037
15259
16031
62094
26521
32525
68925
40980
4986
57215
75381
49699
87968
2303
45044
33337
24710
68749
59986
39657
97641
12200
11960
53640
66291
69011
76584
86891
67709
56010
46551
83056
83513
73683
21585
193
83156
54135
30006
26708
36534
78468
58438
62963
59596
79110
46071
41932
5209
38188
56858
7809
55654
85834
90891
61366
55708
84057
12673
22693
7002
85431
12592
76443
30502
42195
59407
27163
4847
4134
57443
35935
25512
64230
31977
21065
91947
65859
33466
83
52975
51014
75973
20592
48638
53133
60843
52294
45207
71024
29904
56516
66170
85915
23813
61546
86175
15575
18618
85951
24044
61501
71898
71898
74661
75223
68908
69710
13992
6280
91286
34281
34137
75256
49413
50119
41859
48949
54882
56335
64405
98218
58013
58800
32637
25653
45922
68408
17940
83241
17618
94719
2422
59428
12789
69257
24852
76770
88485
16913
944
66727
3476
32303
16778
52148
48897
94540
59954
52703
35593
78592
94540
22100
40878
35769
60894
9044
39215
68750
55226
64662
40111
1024
46406
43554
82682
48268
79585
33971
76630
45531
66345
59929
5437
47330
81182
59993
80896
65272
2514
11058
24423
9756
6653
1234
68973
13616
9904
55387
94328
91819
68990
32979
76876
87458
18092
1902
27570
99220
23806
5834
53586
69904
50768
78015
49273
26960
13005
91022
42043
70056
91767
64817
11422
9883
77938
89197
22613
30716
7293
47725
82478
7119
44772
26603
90377
80640
79738
82401
69896
35730
86650
32530
61180
64902
30327
29165
29917
11861
65756
33267
37987
92547
33168
4680
89144
43671
33084
24848
72597
84458
99685
16628
60253
87856
94905
76485
35424
65250
78348
26730
74099
51161
53321
67609
69243
14538
47004
87108
90917
79951
90272
76079
25013
43873
30294
40033
14816
10082
53902
45353
68666
10208
87780
75131
74128
92839
28797
72174
97604
51954
7918
32160
94486
70174
98296
63384
21358
49074
13071
51314
74871
36511
93169
25788
30080
59729
53242
37845
92632
56100
87094
52622
45291
65225
22124
45676
86997
61195
27629
90211
79202
75212
5930
943
91901
45412
79819
47448
89033
17615
4256
9267
65937
39068
89692
78856
32149
17716
2401
23558
87246
10412
20210
46960
45048
12283
17561
3885
51245
56126
79609
53730
6407
54073
48043
46661
41761
3589
80911
25114
8905
28293
5154
4338
7986
61270
98177
8491
65195
31480
55917
62262
40081
48185
63173
44155
40009
6369
90447
38875
38114
56978
83353
26237
84272
19936
43084
2818
54857
55376
45682
66118
90077
23846
68829
58088
8350
74846
60533
9281
49699
84080
91985
29816
35327
91789
18261
74408
32840
59718
69253
98881
27094
20882
24258
42570
57588
49189
48425
81962
15212
77573
47457
88553
55351
95335
6558
38159
79601
72397
53654
68927
99701
18169
19668
50056
51550
74207
76521
15113
54302
41713
69779
73622
20628
65809
63213
69271
67803
11826
762
72320
53476
8605
75327
40935
77009
86654
81776
5709
23990
97975
68721
17695
65104
2403
57130
5183
26654
46109
1816
74711
37433
77104
2532
25137
39230
36131
18879
37133
64614
52165
74074
97264
20490
1515
81420
85489
53646
8388
80036
85370
79411
58551
49379
45095
45396
14244
36462
37642
89807
18867
5002
98377
35700
78966
12237
80942
82729
91949
87937
34100
69495
30950
1182
65490
5568
45175
10988
96916
45934
47375
15408
81226
54676
34945
86217
88274
84280
68867
65923
88765
86594
3966
72793
26748
93919
49217
37525
25635
3127
91429
36695
89334
21193
91080
83754
27018
58871
69974
28234
43509
63426
83727
80267
71856
32631
38137
9216
69780
7032
19364
34560
15438
17316
45583
42844
77185
14391
69928
5676
93619
72790
12637
95924
30679
15336
48385
82968
89880
34539
15957
56527
72246
40472
52711
66978
53556
287
10870
78964
41339
55657
76178
49513
29192
99987
83823
55421
96509
66016
33089
60114
81864
9501
4279
7620
57278
12501
9678
74029
75198
55608
51893
69513
35810
98459
83652
602
38865
35670
49186
55019
56289
78465
9607
67841
98974
5310
6990
64813
64950
49215
79378
139
41609
71573
18678
74461
84980
9438
93196
70502
87298
82673
65098
64473
54674
67766
26224
28523
39585
86078
93357
27271
46958
96179
86147
38410
4486
80342
81777
67520
97015
23341
47307
80739
45544
14636
9605
13716
33266
804
55536
52757
56904
69843
56167
57204
69592
93667
79385
23489
62544
8326
24337
79670
21101
20039
79863
33808
30762
42362
58752
97562
22837
33343
10706
66479
82532
55107
41969
7076
23675
63399
33399
54292
17537
82548
465
34750
6145
69193
50352
37792
50055
11900
76930
18786
36816
76238
5524
91395
91698
70032
57545
99942
28933
5618
15770
34289
25486
76932
93384
46320
46182
15177
17813
7101
70716
4318
79928
12915
16770
60612
38124
61092
28438
40487
99624
44705
14433
20561
60659
41669
81872
82536
8599
13038
32188
56610
68680
6137
28468
31312
46066
90104
21853
92738
53046
86392
88711
53701
26533
63578
39755
96037
44991
70474
78517
25468
44805
6012
82321
23322
3170
25406
16737
19703
34519
1925
90979
57672
27582
91144
83815
24598
87791
34110
94173
630
13188
5191
52024
8161
66640
14518
64031
63451
13461
86448
34008
84348
44318
38350
56159
94480
6977
74267
69336
33932
39562
72524
7566
26209
16227
69412
7406
88238
39387
95572
35089
92380
71807
92821
35560
40345
52142
91693
74758
54364
75230
38255
49403
77714
32096
92792
83437
51950
21496
87396
92325
75050
88467
14489
27288
42306
43061
4194
23829
59243
40497
4494
2852
48714
43946
22738
77162
54360
43472
42905
2523
56983
84664
43887
46080
73995
69144
38560
41992
5827
16837
14150
12965
28785
33583
8209
85886
84409
36776
38308
48186
31797
84091
52877
56399
76957
75947
30519
95223
54088
78642
86114
19404
36301
8572
21419
5774
28180
68322
35045
88301
15286
39610
37997
83182
63675
80739
15469
75518
5689
86541
21387
24322
198
84255
3740
40062
99250
9730
51027
83693
33392
22859
26955
76755
5100
43645
41710
52496
81266
50273
51483
24121
76590
84302
10875
39103
9067
4617
67656
73881
944
6260
24848
74245
73252
5897
3684
50572
22442
98898
42634
78818
10151
43785
38747
51292
75515
88621
1264
39491
42498
387
11358
45390
75246
66856
54293
16549
64256
94940
17045
36335
16915
75764
17680
30057
30448
36843
2782
15799
40516
42391
43669
69623
34503
5325
19238
83818
72626
42713
64816
35256
32869
61229
44920
39537
20382
95916
8977
5166
62662
42347
40918
18772
76105
18424
62197
52185
3216
80382
75654
24142
66724
14066
40655
2542
67665
24143
65409
56897
49634
27908
6401
60200
75370
98683
44313
59801
32143
98877
37324
16374
43216
56495
20852
45537
54187
70346
53420
51473
76345
68292
77319
19190
59169
80378
91056
74693
27010
44270
6181
78220
37186
73095
95217
90626
7371
27836
46098
12438
36491
41934
76864
57618
81126
71334
41442
16115
49299
24939
39762
27143
71158
96314
61114
55016
85175
6895
54114
86660
19150
42410
48822
78893
11763
18079
42278
28165
31356
8489
61632
61108
29547
36373
66077
91141
68432
89090
86429
31274
49123
74405
29876
16603
55482
84186
36339
41449
10782
59657
47125
82244
62205
81335
5935
24674
85314
63671
91595
4236
47836
55336
49861
67955
44238
5318
90533
73373
7515
65676
60780
47690
10704
62745
1848
88793
5157
35620
32644
75603
21529
72167
96211
36669
95857
25461
46372
43814
51784
14233
98608
59395
35501
37869
33625
58640
6666
31106
86841
71434
55637
39014
76573
5292
56768
20576
23469
778
8416
74697
45753
2259
11367
983
83605
22430
88041
65539
19200
87801
71187
45402
50986
3275
47831
5264
940
70924
56995
91574
18981
64810
90404
52703
87811
49387
84847
11242
87404
98293
72731
70355
29147
38604
28333
35772
87413
68743
19879
42717
94715
43987
20599
79529
61795
74659
64085
61479
88098
17957
16757
79794
29179
56630
60311
78580
11195
30570
58253
77115
41827
87667
79280
2311
88937
19947
79207
11168
5045
66297
64710
97888
13668
128
95380
77714
86438
1623
47894
1088
71794
81573
18083
79261
93114
35722
54309
94310
95085
25479
91498
55241
48676
75715
43998
18893
72554
81566
3517
61089
89115
83979
10750
52901
52773
59810
34327
76912
40607
50737
82990
39041
14817
36781
52022
57635
9051
44263
83224
57571
10290
38524
17518
35590
75430
74101
41543
22528
70056
54544
81266
30935
42743
50640
41489
29154
65421
50583
68271
32478
99640
9349
10566
76172
5535
73889
21982
44292
78535
36913
64289
22487
67659
5315
86470
49261
78741
68523
95877
62197
95685
67901
68139
89012
97880
18521
33096
37950
6645
32789
99826
96918
76785
70326
38243
22792
41397
80091
59906
99473
78340
36068
48567
57550
89085
69414
90699
35151
45114
14862
39154
44579
86498
31719
80376
88251
42507
10972
25389
14777
30348
74788
89900
27484
45303
82824
61812
57256
25795
28557
18699
15422
89609
97641
96637
37538
28494
59927
96466
36648
91034
79776
43
73924
66207
30484
85770
84066
60284
3037
94937
80359
93445
87836
36729
65117
42179
37955
52618
60734
79735
24992
92182
20784
35322
19260
90516
8709
9404
25964
24346
73451
44361
9709
52572
72424
47473
42480
24393
79415
38681
46186
48294
55892
1891
42141
59010
16228
53896
5741
45240
58112
38162
44358
49642
64208
81481
22081
40383
14869
16942
70106
95588
91728
73178
58361
22634
23036
26367
3181
97449
60504
84917
68160
27155
55088
8045
70069
57871
57313
15936
57767
82687
6789
17201
95633
11115
41872
5202
96785
98704
46064
82303
86417
12437
77774
55652
92815
83626
2995
8197
32007
14676
28878
40671
83493
91698
83234
67365
43084
56913
67236
10687
40391
14006
90005
98541
44884
86966
19761
17856
68841
6972
88465
57603
45546
54409
7762
44495
29435
25445
86685
42266
32081
23057
62740
89765
28454
78807
58294
67106
18269
57431
80647
31493
46923
26669
95005
60453
71303
10770
93426
34432
30984
90410
58849
56968
60588
40497
88862
91104
32033
18814
63388
14118
4574
84535
49168
88438
86717
15480
15984
22255
53055
4917
98678
95814
91308
20192
4866
16051
51016
74942
15888
94646
33612
63066
24774
81213
25800
18732
96817
70743
88618
78171
83344
69332
41082
35374
91464
17142
63292
16241
55292
27072
8634
94451
53334
85338
74648
7971
84376
78755
21227
54794
24727
90618
91927
69062
81437
54979
37238
70665
18469
84859
84991
50787
97246
45842
15694
90304
65061
48948
45495
19322
7843
98906
27256
5050
46639
18346
62147
75520
90376
36194
76134
94002
10799
88941
92066
71863
56175
71912
84325
9501
30399
16321
73155
24795
16847
20770
84761
16061
95821
93894
84523
56916
56484
3922
7803
96421
39717
66484
59533
22664
29100
39675
56845
68914
26043
42807
45641
62578
38558
91517
62181
17478
51683
82844
6837
12522
60203
95581
55352
45870
69382
3604
15149
13743
92315
17988
1424
14273
98191
14919
22455
79814
98670
92409
62223
4571
51473
15034
5267
27670
1014
11544
76938
55171
98201
40614
48215
59913
2363
11910
46540
37263
9903
24398
30788
70616
18672
17607
31371
20821
75933
17139
65732
16165
35754
33536
56847
94704
13724
23896
72024
88296
71231
25169
5396
40066
96098
6033
7876
63402
29420
23131
35573
39338
26945
76068
27333
6740
57567
30209
77132
61152
28714
64654
60970
54674
4275
40299
13356
56406
14626
57166
9086
18749
66360
12930
61828
17773
73986
43560
1558
15311
87523
12454
73393
48893
81635
44348
16400
622
52626
33609
91261
91937
29125
45686
60333
693
69418
96331
12473
86692
12045
75037
64554
52379
24095
81239
69159
51053
83048
61887
51579
5513
88262
5420
89480
34906
2326
78065
11729
51293
27673
82844
46735
5714
78573
55886
632
61404
92367
76450
28242
82439
4705
53657
62384
29262
55901
16662
40054
29462
74605
83744
75406
64973
32535
6964
22703
97179
59519
46145
62645
94522
22574
37895
9877
89750
47913
16217
61171
86838
99808
59532
78747
37947
57449
39686
44867
98230
1095
81726
2577
40982
64131
71008
61813
89172
13587
20174
23758
76476
62415
12165
22278
52664
24
943
60357
18355
81289
41872
50441
615
90612
92986
55104
17326
98304
14080
16745
42832
44832
3579
51192
72217
47805
78511
33696
35191
84358
9582
86187
99522
27470
59388
10847
97434
49755
69763
56607
97243
9635
39649
3375
46081
74387
90248
9883
94834
80467
67744
95813
29638
9390
45301
80128
86289
49769
13476
33312
91662
901
95576
73422
20373
4871
66738
49100
90149
5068
27342
11277
85477
46204
18912
27947
53176
17720
2345
94361
32659
87767
94397
29048
25202
25957
70919
23663
30859
156
9911
82901
10386
45111
96083
34451
25668
83692
26932
99934
81581
51218
38381
42708
78644
40355
16301
70383
90073
37049
23619
51613
12001
38193
8210
80377
79940
49110
59176
68032
94097
64245
52423
74077
12926
15099
12025
72315
95414
88216
35245
96240
88613
51114
29440
26914
10711
11997
12903
8389
60374
90445
17334
28323
81950
71262
65065
12656
46664
61263
77264
34176
21423
22431
87614
76524
12577
47189
48486
9993
95782
18283
19012
46384
77130
24745
41460
6367
46369
10639
67077
12329
14807
76875
53869
54657
1898
80045
27788
71299
5528
99679
41861
85462
94756
18137
39364
40385
53276
54874
55218
41394
52636
62020
76540
61741
78318
89684
19304
75096
32460
4110
60122
21696
78622
14865
58246
52578
349
36390
2365
18227
66218
35598
18667
87444
47850
38426
36451
97141
72231
8669
82487
11085
96524
90049
99717
80771
16474
57703
15562
10873
79359
72099
18405
57610
12440
89129
99007
2397
41920
27788
14171
57627
74812
4452
93738
38370
35279
53517
1766
22335
17601
95055
68428
96649
55306
17050
22346
33119
71228
92570
72167
66616
16859
68868
602
61119
17719
63290
42560
32182
80423
91976
68496
98693
68716
91290
46321
4556
15559
29460
8442
95232
46550
76775
67968
37245
21147
38927
72320
54903
80828
69840
89507
56602
70752
90299
29328
69243
32364
45537
82598
31739
46614
48731
62754
12108
67821
30565
95721
83917
57723
69026
92086
42552
62211
97994
26261
68069
45473
91383
82248
24832
84482
57133
89577
37469
59675
81963
52862
26393
905
60869
30203
50328
37875
27063
20430
91462
79981
75017
90658
47510
12320
46315
40599
4410
18020
46772
25898
39763
29675
29013
78266
34586
97393
92828
91961
43438
60554
4787
76045
47422
98698
77160
6164
18457
89606
95730
93787
85937
51361
8663
24603
51527
1258
33819
75394
47219
56142
27408
68998
44743
87775
81360
57420
18738
14035
78138
94691
45082
78683
25722
28932
18765
39111
65698
15153
94626
66515
49958
49385
31940
94063
18091
73429
91908
5574
45099
64133
57360
82172
22463
23452
87029
28814
1101
67358
98742
8189
74208
98406
28193
79113
89996
62360
58428
93501
77729
6480
34254
44761
67440
41137
91577
6959
38875
37882
5418
33160
50796
89261
56186
9442
59566
86860
22097
34846
56320
32059
66441
81082
78031
11534
7518
76496
22618
68808
19968
95349
19110
16174
6731
65436
45427
15280
85650
23736
42218
51204
15509
33071
76092
88685
47448
32938
15972
93909
35686
2364
92668
86320
27285
23835
40179
48690
50210
49627
29237
86974
4240
4293
3607
41462
84519
87979
99623
36669
6008
64631
35648
57253
3914
72367
35790
59014
8828
34886
89583
9585
66109
31878
36493
73635
52860
54050
47356
96588
8944
88379
45699
6868
63594
1129
10531
53012
53718
14333
35433
78441
68421
26067
57497
74570
21154
29425
29230
40692
65336
9876
2344
36513
14843
12567
19240
93441
18454
3796
65318
82122
87311
52882
42341
61931
68231
81790
37207
45629
51437
37159
80542
42889
62673
57251
24452
78219
62305
73211
91779
40058
20749
92231
73208
63342
64910
43101
66994
7922
59463
21830
27455
75606
48178
80654
74302
84402
88265
93270
30375
26933
43857
50235
52441
97629
50730
42859
3866
93371
7136
25915
84987
14312
96950
17757
37719
93802
31196
57387
31707
46831
78241
51380
65011
86206
69154
31761
10658
86324
15506
7592
28466
10303
32128
55069
74779
55271
43136
13827
84923
26679
99582
87863
95216
73738
2076
51130
18993
47176
54192
66173
84544
82234
66980
53098
6577
97149
40235
44558
29770
96567
72587
2072
26583
18652
655
93137
32236
22713
30663
22908
99774
19102
20854
59737
29736
26927
28933
5743
42125
204
3791
9907
93059
88231
63819
56899
12322
42878
84151
56052
66838
84072
45292
24558
26220
83201
93577
51874
70539
98448
87891
45703
19145
82060
8915
12772
56940
91439
74736
84214
56120
5067
1710
57844
20117
57426
60575
46853
57268
36681
10284
61510
86080
12420
74757
94812
94302
47612
71947
19219
58505
11769
9839
5494
24486
70816
76675
12480
80682
16488
8330
76432
41748
9626
8470
83999
97585
84372
84316
36986
35968
19167
33677
92517
60160
69754
78603
70056
17434
1831
5103
30396
56941
66188
82533
31159
64950
76628
14383
79431
23643
61444
82802
71732
90019
50139
85907
99423
85985
17219
40479
6474
54206
41136
74227
33697
30409
68328
45578
37306
1277
25441
70910
11971
3384
74478
78857
47631
24046
98558
44866
94926
21625
21168
71517
55572
16891
523
27628
55136
24891
88484
17830
41373
8376
60432
12086
26209
3252
45691
84090
31063
20175
24471
54673
66806
50640
92512
56564
29787
95882
72382
528
81267
67709
94167
40619
17408
42075
48937
30197
62169
47974
34121
67024
59624
93321
78686
78130
93365
4353
1589
45944
14455
98153
35864
35068
6204
70632
98347
66240
34809
6278
94091
98128
68949
77978
24861
77305
35563
42379
88074
71186
831
61231
47478
82050
85010
80971
12368
22593
27752
8819
31162
70491
49607
38523
99638
75837
76304
64089
96305
31743
14198
83217
39227
15568
21931
56013
42681
42214
21191
13995
83014
89901
48881
93600
46246
3231
1431
74520
26581
76428
18079
21370
26877
14788
90476
1483
23705
5918
95903
49112
8515
57114
73117
85859
46591
99895
69459
30610
83415
64527
89739
27220
13077
85482
20716
69928
48040
20238
58863
16513
94954
85841
18525
64884
90588
42777
22808
72448
67045
49929
62303
37666
34223
89434
4016
67372
68457
56496
24921
80553
70123
86099
17361
72793
73745
68946
90759
54688
55217
50342
95475
79568
26095
37416
58002
42097
22483
88308
11253
19351
87545
19308
14817
77514
61536
92815
16095
22776
39013
17111
85660
53093
27631
23167
17734
51144
73309
10805
73863
8321
12584
43034
67551
75120
81250
63849
60561
94398
25081
17706
40162
87653
1998
59944
57941
32735
18587
68133
8559
11278
33254
75439
41044
28093
75810
74599
81075
47164
57403
58970
93307
90515
87766
49317
1547
63518
94317
34052
23128
65648
11946
23894
93494
27735
47101
56078
82319
23862
98802
80391
19389
95877
76948
64333
28859
32839
9097
17324
73164
57651
83211
86464
39864
22329
23571
3767
59874
14245
80102
98257
93418
41100
85288
95480
13851
80818
70810
62380
83761
66548
19370
4535
8195
86284
80181
17609
66338
14533
28541
73779
9562
36230
60687
31426
3671
98854
54026
65950
67092
56660
22311
80699
6417
23024
65991
92640
47449
19141
59374
33386
49683
21483
30998
46357
60299
3076
86606
40447
545
2178
35638
84503
68963
39320
45876
89354
47799
91768
73681
98560
88207
1777
93941
85884
77713
71125
65627
36348
6117
29146
59972
32228
13219
96346
91394
87779
99011
19987
16944
8626
76089
11873
41550
81391
97843
31073
93136
52168
97783
48827
26066
93683
36567
59903
87420
10781
26813
58290
77128
65761
55433
75502
21362
39911
53554
24608
11984
6366
40157
62859
28142
90179
96994
72811
98840
34656
46936
401
4456
59299
99033
14350
60
73738
27663
62920
4987
61259
72279
89943
15029
25367
28786
83883
58659
97843
99678
14946
70531
25226
91649
14865
13156
1568
49221
49572
4195
16640
10117
52108
93129
77702
50707
3127
70839
58645
81863
50934
28827
71505
27611
5295
17273
27561
50622
94653
84813
10563
58604
99858
17048
25913
7938
36963
80280
52306
9904
50707
24094
89818
3824
66326
17872
6180
5741
8139
24134
41201
50936
1320
93515
11657
46705
63597
13769
64448
35980
16694
1815
91643
29034
16928
70828
72343
63487
71878
12446
22498
15598
79341
90653
48728
8485
47220
24533
22283
63974
30244
14349
83981
68453
24164
96059
19891
37693
34397
62478
88353
94933
41494
13879
17960
22051
74161
7738
71455
23622
80123
69874
24759
73117
6683
58189
68635
97299
53663
33746
73822
25519
93907
99486
91893
45866
38148
49093
22847
32265
30019
86718
2038
18859
66331
25920
71466
67261
58363
76665
88988
37913
85443
4605
20049
16428
70491
6228
69946
56221
85676
92991
96376
22499
43494
58502
98240
69034
85152
43318
26647
76691
87511
9046
25116
8266
1360
68146
85744
6053
68565
4767
56967
84205
90465
74895
959
67651
91838
53813
55747
94061
79618
74310
10597
86170
918
6930
90516
67977
53207
92485
1930
30964
11459
95535
57730
6727
8893
81186
19999
44968
22854
74884
21889
80719
96149
84669
92665
83615
68065
91444
60069
4726
41805
8928
65921
62502
49302
26785
52694
6877
19789
28203
91918
91252
48719
55197
60462
33546
27106
41359
56794
2596
8349
86968
40833
30728
32686
76045
87094
52336
76449
26709
69570
85965
5457
21765
30387
13636
62658
19719
91999
41032
72648
96610
66272
90062
45558
56873
27765
7348
42340
54677
44092
82651
60987
34184
45689
54493
94531
64671
62956
86911