42371
6219
21242
65193
68020
58312
14195
54039
89299
43977
12818
33162
53270
91452
17532
60394
68971
59016
7459
66379
85950
27133
70376
89610
91384
87512
53747
62689
80274
61257
31753
87363
61966
52563
92624
65023
71577
41004
90378
22014
40759
36580
23348
3981
86043
56010
58373
83148
94653
47066
71127
40130
25139
93536
54678
49137
9864
7576
17031
55802
34125
63755
26354
81759
54977
24515
78245
10487
46571
23577
75388
79767
14944
4512
17
20130
44365
61074
78751
60751
85236
5373
48920
35049
5741
29299
40474
38547
96269
61333
82684
32037
6474
66184
86695
58780
51719
47939
27129
60259
78616
1915
70634
80213
25157
96143
34488
96082
43174
75213
31928
4385
81155
81450
96581
34027
14901
95142
80324
14821
75695
93408
2142
62137
68704
84244
90482
64487
39994
52337
83282
91881
32512
30360
77950
65700
42929
89184
46137
48415
30483
95954
68137
86403
44313
22248
17949
88349
9405
6232
95001
89077
85829
28533
33385
69862
57800
4059
58236
31583
58958
15164
5036
33566
22989
53906
13539
23442
51302
45008
11927
65820
76614
98507
77276
61201
46991
81890
66752
78410
46859
45362
41880
82073
56908
45408
11019
81867
96554
20136
42752
84560
39817
39474
85694
74258
30259
22173
4166
31263
61276
70584
18581
40472
69358
74194
25722
67022
88175
72651
11716
6054
4149
13104
91777
9256
77613
45672
72577
93341
33601
8232
16381
46295
17861
98474
1799
40780
74140
2440
36485
71906
77460
63787
22711
7285
65574
16410
72736
73773
46085
82326
83457
72897
96858
91937
43623
60253
20383
95040
56536
60235
33546
42191
8491
4927
47140
59776
60758
46729
9344
27368
87991
22056
41272
13958
29300
54879
5766
80125
36874
45683
82929
47486
29639
74337
34573
44216
93012
78995
71510
4101
84281
26169
46061
44669
44894
41760
12815
89143
90665
62589
71375
24318
40641
90627
24882
95699
6985
89960
98927
26270
82981
52330
86272
91659
10793
97831
6634
58002
9629
69714
55641
73022
11762
67882
59161
8328
56858
69144
58189
34049
93776
57878
44195
37560
87091
12693
16452
28604
56038
75891
34205
22045
22283
81734
82307
87038
26741
49223
21218
12106
48715
14141
1259
99779
75777
68513
64406
38124
83790
39285
45531
20525
31942
58291
43986
33939
96498
60599
21429
69012
87599
95445
35965
52611
57028
95920
3081
56183
55631
65350
31891
6430
25420
73873
9465
10415
30086
99230
89018
22763
74098
10872
60762
76226
45331
88051
50681
7213
49857
44039
28903
18951
48135
1736
73332
19658
17547
1628
47289
95513
61078
90895
51759
59790
26896
55166
73553
50151
51104
52831
40975
71545
67323
45618
97776
10041
35240
9896
66653
91497
74623
13416
39929
20380
30824
63331
79454
43049
74835
63151
59846
80567
81216
60923
87232
51783
45274
2884
16548
9326
22122
3534
47207
6485
18205
12199
86044
78377
23799
65827
69938
62530
34880
11090
6491
23682
7344
43133
14705
18579
63516
18780
66249
42982
88654
28332
66067
64223
71254
87922
24434
32467
82586
41901
39264
67613
34452
77136
77641
38330
24200
78776
92850
74436
87066
45142
41432
5080
79293
63473
87428
85854
57972
28913
18251
32667
9908
35183
33173
1268
76080
51093
90016
32899
56440
88813
70137
27129
94156
16925
11749
29714
99079
22375
11045
81687
8359
76828
45960
81037
19146
6719
80216
65944
9097
62259
24035
86623
90618
40638
53667
31563
22275
66241
41951
94211
81341
94635
63924
22355
91100
84342
65571
6751
21142
90421
29022
90839
76413
7119
71680
45346
52436
98550
89773
26806
81089
17802
84491
74479
28242
39896
76835
7154
7258
5360
40761
3937
99349
21053
21760
57180
27161
32848
40078
25291
30330
15409
55304
41091
58177
54518
81532
29080
92676
81577
6619
47300
72261
19800
85021
68064
59730
56745
28183
68799
45914
21364
19647
50323
54920
731
44715
61932
25782
22128
60073
79299
88313
50967
21058
81152
92579
70333
53236
48237
74028
93667
92406
4202
60250
88333
47057
48436
24918
6910
99272
19211
7
90532
65843
43812
48124
42977
38222
64271
63366
89430
68873
96166
5908
16347
56659
8953
55832
57941
38314
41213
8125
14389
23636
8938
82641
38586
18924
95329
38014
49632
83384
81480
33877
13305
91686
65565
68196
6341
37830
30162
91291
95062
64475
60246
19500
38252
18013
65087
16796
30262
96955
82349
44513
10800
84973
5753
67288
74231
72182
66071
26259
82957
57717
63505
47780
65717
261
42556
42232
47289
56810
45356
46186
63238
54487
63524
89601
50348
37165
48689
555
74592
13525
78005
37423
8436
35597
54574
86572
89741
33231
50925
86989
63040
64723
80130
96566
58894
10188
6506
32393
89071
33574
35372
62363
92242
62886
70706
68894
22163
81506
8732
70275
87363
47848
18004
62427
98804
62152
85514
49884
93451
47309
73233
98860
51276
20603
33384
37189
89199
11456
24761
9636
14259
59013
28619
86022
13506
2159
58899
79429
24721
64367
97609
6858
14230
23083
99777
84079
48529
33004
42141
23369
72988
23969
73103
83646
11220
33648
33223
26476
10755
76322
17319
7782
23555
68480
25816
51900
41122
83631
12296
32099
64808
60640
14713
25965
88047
89612
42248
54879
36129
81331
44371
82843
23612
19181
77633
65542
73299
34535
82426
51207
13625
26868
37932
45092
74742
61667
66748
98158
65238
58078
81541
98835
57866
8334
32970
88425
89824
63840
32171
99676
61670
99370
2086
98771
50826
99540
68137
91034
9181
65901
48950
37963
21163
43987
15476
38072
19912
49553
7300
854
62571
20827
75896
77565
46867
95174
74687
60104
20449
88905
99402
71544
94730
14872
13504
91830
397
79824
59915
54039
54071
16159
63240
7353
38358
46167
34183
83015
28692
23614
36632
31715
12853
65155
23274
72270
94300
48246
77948
87798
76589
75981
7654
10169
43575
55627
81573
31219
60316
3161
55870
29484
40950
39095
35030
41893
92080
32700
65049
90509
16371
7775
21626
29489
36878
92323
569
93219
7115
72597
40761
20501
68612
48675
29212
62133
71460
95936
64040
44535
75517
33574
14285
25695
7549
86210
439
96112
49857
47573
20134
90379
54942
18646
13241
99394
14577
12215
17474
16423
92448
97349
28811
98284
68099
56829
5780
33423
37539
66506
25236
84112
4367
22221
4437
92861
15944
73017
80172
79909
23100
65063
35920
99904
30129
43168
69872
66399
79947
82631
71715
60682
65501
15424
40784
97314
669
58515
29923
98535
63274
56936
7905
47125
9400
19120
81665
82368
78353
90445
8363
81931
13271
88998
76211
87446
63090
75821
16004
88191
92364
46086
15873
94365
15792
61055
45295
98831
25810
18204
94719
61980
98104
26802
47268
45508
84881
74287
18203
53123
77242
16585
76995
8167
6967
95142
65298
63983
56545
18987
67923
9931
26837
24882
72863
30454
90330
10000
20490
5861
9855
4604
58362
95083
59187
89406
90108
60274
27128
94264
161
68092
23849
1922
78420
54596
28950
80985
7313
63863
18982
38174
79003
96969
48533
16741
16500
35405
20483
78208
31318
62442
28329
63932
47227
26327
95668
19927
40042
30411
64078
74919
14802
76538
73218
47319
57596
54468
89834
81978
85687
60232
55337
58233
95126
42392
32751
5454
10617
53326
12383
61078
61907
48338
52298
59015
11291
37898
54996
55352
92185
19132
35415
66481
80762
19088
97558
92073
66814
44963
36160
48642
97344
77597
7143
94184
41080
24599
32861
42919
45695
80729
56603
23670
59881
78540
13642
37000
93563
59233
4129
72280
25641
55217
15931
62549
38100
94303
44892
52404
23777
38749
47865
56156
77564
23654
25123
2649
86404
4271
44469
6383
69446
69895
78655
28790
71418
80884
32157
84841
80590
53782
83133
91633
47771
86202
15636
86442
93390
81017
47054
76619
33587
7742
11162
47494
78522
84525
98700
37060
61618
23951
77043
52584
71306
95313
38220
48161
6993
85165
89954
87174
6325
35041
44419
75721
11313
37642
34910
91399
79356
44025
24957
91499
96334
98224
7043
97973
68563
3442
17865
85556
97402
50583
97498
64466
78574
53866
75960
45928
26736
89023
90596
62923
81029
5392
41421
18817
80006
68872
68149
5099
85602
20632
67331
99941
44530
28201
76168
69193
95178
49127
80392
2726
3744
67223
61538
1152
49627
44421
64539
31593
27258
53594
23220
55563
28521
76451
82050
99530
15138
93581
25595
94102
79846
15467
49971
63278
21610
80859
33966
284
82070
37364
74400
53734
37193
90276
59122
84855
95720
14633
70101
37326
29501
14668
63588
3043
35878
73126
11556
11860
47245
73831
6136
78372
41250
96865
92509
27484
26665
98473
62301
98038
23847
50874
65739
87565
20205
21487
84762
9177
58423
37534
26319
86369
45323
91865
21423
23109
98596
12340
46220
65554
65730
62409
93097
89817
75488
48185
47832
18314
1070
27773
40698
8112
6630
26965
25450
11502
37857
75785
29956
64337
12322
13034
10320
61564
28915
85468
34697
79301
17593
19989
37055
8439
39170
49094
77552
90252
88037
38836
41654
57032
65013
3807
69231
43948
39434
71894
61946
99363
88091
9896
5865
34820
49348
57892
18508
21097
32692
67447
21652
94570
55659
79039
39863
71264
20853
70838
3876
10204
89415
91647
43702
76784
9128
55692
12931
93689
55677
82263
31811
15169
91863
83026
34290
35928
56102
71284
97667
51421
68270
92582
41080
45195
96392
70616
91491
80497
81286
86744
4156
68427
68947
4489
57742
4548
54869
39507
71037
66040
58210
21933
33455
98288
32584
37772
26404
27563
80990
98539
4129
6975
14290
78071
96973
8217
89986
83216
53334
86135
30855
69857
8518
82058
17421
11538
6280
22867
56180
55211
79569
19844
2021
77008
34356
29300
39939
21239
96317
99494
60552
83422
80254
66250
83525
7387
98589
53748
54294
27343
26105
50410
80751
94120
28493
42510
28296
53081
32959
4828
57784
74876
47289
50339
10244
89558
54765
72419
74901
73125
97919
25649
24665
81776
8575
48099
55911
57209
50146
79502
72387
60632
69424
24528
82335
76460
78166
65619
5686
75187
41606
78008
82955
59375
95183
96440
824
24782
39066
96893
44251
21934
50010
51024
46328
22696
86218
26182
99725
69894
48545
14092
51189
85273
90620
15038
3254
11391
64902
40338
76857
57894
86682
63881
566
78431
83593
75904
37377
47368
65900
47912
79205
33510
70608
81994
37966
73116
9758
97977
42933
1975
30591
66922
50850
25954
10279
63259
1782
17622
66407
15305
14610
18510
5095
55926
49020
21234
59414
97908
76730
42231
13258
95197
13336
33253
41482
38498
83422
32436
51137
70900
45407
11391
77184
77461
53719
66573
82594
59528
89442
20861
31826
20829
13059
42138
38242
64761
35174
83035
80296
31851
61101
48580
95010
63134
98281
64665
86091
69980
11569
87422
53853
17012
42372
54829
54237
92877
396
96446
87940
36688
58416
33559
22815
19584
63054
39458
38783
33926
75786
57055
35732
92310
62365
97435
78736
19508
16481
30668
26559
34827
7770
57595
86173
87020
42589
28847
38542
11279
62307
47762
92214
29097
92951
80306
48072
79383
8833
3852
91896
48788
25103
44162
31658
67226
15059
97971
15014
5136
62160
73667
60386
22593
35363
765
35124
46428
19064
54157
90242
20181
97583
90259
27989
37863
34971
42380
46014
37068
77839
76329
26737
71897
13570
48908
27624
15978
42794
68008
43669
87086
68262
54333
8741
42776
74228
37482
92004
67746
62406
97982
68348
33721
78122
31752
50772
88868
21162
79629
3730
7152
37160
22911
55739
9783
29323
97991
98823
67150
89980
37881
93267
72897
48227
98921
89871
99839
6842
84771
4451
39917
72944
86275
19153
29575
29780
16935
25228
90696
36364
94370
50132
26510
28054
1987
13875
43568
38275
42458
98137
92262
67869
82367
32325
93062
96034
69328
33544
14091
10869
45967
67417
49850
98758
68852
62554
52309
76695
99323
36664
23656
75621
38204
20755
89437
71902
73848
21904
24284
53596
57139
73281
96237
75156
93672
10547
68057
53414
59544
88019
58946
239
89727
15932
15109
50846
59846
94317
93112
5176
35790
21161
58988
96150
16813
87218
94683
92968
27522
94371
51335
20445
59942
83622
30846
45626
23783
39247
71683
16200
95568
61071
2900
18621
61255
12488
37782
46
92409
9440
96948
6302
53836
75401
21304
78171
47333
56108
1970
7795
87011
80887
84687
83724
16757
37467
70538
53761
98841
86169
40707
78615
41112
78127
70810
63454
51402
51571
57405
30831
2234
45590
43411
50349
14433
75618
66030
37977
56226
86279
20412
45393
26999
37891
99050
59506
30267
8860
54791
58830
35569
20278
79539
51641
53788
80760
6920
77461
31802
25394
26569
82109
12078
2994
11211
72833
66631
18064
75374
61206
59053
66906
21340
24260
88607
29765
9641
33435
82478
76358
96745
51978
89537
56736
51833
95665
53521
24634
11673
78725
26370
72332
8031
50636
34192
81580
93432
3543
10008
90895
64006
81838
72302
67197
91650
2807
44558
66183
52014
20406
73279
69235
99612
67444
48125
21475
75079
13677
22469
76393
57495
45975
99900
80409
39343
25555
87664
46613
25186
24203
9613
31067
56863
37031
41395
26215
99298
1596
95938
7324
73897
77908
67423
315
28482
32197
34211
80696
73917
67003
71720
93021
75035
97275
5080
26825
68525
37923
14743
67332
30529
22384
89088
67386
25889
59504
86878
49683
46277
40779
11446
43264
90592
40622
82643
44740
56558
73911
7348
13990
20129
81296
31094
22361
92194
13085
59678
94832
27470
2520
24952
68422
52740
70601
36650
35487
57431
85939
74344
4718
20891
78031
92860
77806
59364
24009
11133
60264
43215
22352
97884
19514
85085
67575
42292
93065
16613
66926
98011
46009
37107
41976
17524
25383
1315
75034
40458
65018
72992
66893
13235
2826
50334
43707
61578
92325
83223
98775
65888
98877
72749
56526
16086
65642
73758
3228
7466
58031
70925
10982
19114
27054
50974
59580
72099
51505
11798
83641
38983
20479
70818
77764
39238
67607
38427
86966
61188
14329
8698
63320
7917
49013
81367
15402
56006
79516
203
57645
72153
40518
84407
50750
97291
34189
93882
31401
94370
53353
6569
3026
18522
8513
10802
24163
55342
29638
7494
54258
44909
96018
14527
93953
17217
25709
90968
97083
62696
43989
77263
33227
93031
35111
15706
81203
56781
62614
54756
54981
6380
18326
64802
57492
7731
35906
97604
55178
73864
10228
539
45001
77831
98761
90905
21777
42343
77433
58836
45192
47079
95941
90236
16300
93183
82116
38882
23323
52440
92938
17101
66942
74373
20055
47472
49278
41655
83389
41823
15972
85170
27931
98517
12630
77875
48340
81278
47333
15900
2765
98411
87776
58480
84620
83743
30060
29871
19731
8029
70388
87079
87285
72951
69058
43004
18501
35650
94749
75792
99027
87919
7713
41531
19449
75834
66179
42781
64941
97509
71118
56849
53283
91967
31422
41365
43744
65094
23396
53488
37481
48577
10398
76039
99233
45541
77833
44921
73866
10869
28334
81703
30997
536
92821
49088
27753
58328
44012
826
95662
46291
7914
3339
57619
27735
65012
1079
63154
42679
37458
27412
47868
40714
62555
97609
35210
35768
67689
79696
45282
84529
55262
83252
28759
72921
52986
61498
18256
81106
12768
8193
30062
39427
26556
29552
88062
3010
97839
14495
76245
21274
75065
89170
37010
24033
11442
41489
9765
47930
17329
73007
61003
96506
32683
32822
8502
89239
36399
8677
5878
95175
35206
76711
69266
22570
65109
53794
24912
53664
39546
8904
9914
91893
56231
85042
76086
52308
86247
1992
58679
38751
74594
7717
71434
91594
98738
86811
70449
69297
24824
5074
41297
80937
67503
52221
30361
21217
1768
54351
63464
39354
86817
23928
89211
45660
95513
93281
63862
88818
87866
36524
52796
32482
52980
31398
17687
39401
98800
48230
7705
4924
13631
89986
79035
15435
31616
63964
78813
1775
57314
23746
15539
35877
74992
10871
56917
90662
10007
42492
12799
19093
28946
98884
61337
77667
8882
88902
63556
48829
18734
96406
27335
418
29228
35798
85376
15434
75298
20978
79849
66623
96227
84267
56973
15927
66156
16579
68062
11813
23790
37353
96282
37585
39270
64805
8856
8099
71613
11242
5058
26023
33613
7650
48534
36707
50305
73087
97484
17486
74928
44591
88139
74369
77044
29990
28198
95823
52599
13287
47152
77466
23401
53003
30741
65898
47922
7188
32979
67477
91474
20911
36857
61296
60522
96231
86797
82213
35806
55283
7191
93162
84097
38938
82199
60022
12117
79747
95494
26718
27605
99096
79204
7163
98388
43001
83073
38000
2090
87074
5050
43295
47167
59585
91291
10158
78604
65338
12514
52776
30788
99235
95459
5178
64966
83235
36785
43207
83406
21620
7978
98681
16069
44286
68982
50511
42327
76241
39637
52444
86182
82315
73263
57713
6438
28354
33142
14004
27001
27771
59393
7203
20649
28067
21931
26240
99959
22711
12572
9532
48465
22465
29889
33907
89736
78644
65431
1288
80203
42742
17519
54578
44135
61947
992
8172
76701
40383
72494
6353
95434
3363
49986
24780
32215
97026
56747
64968
56699
82396
32260
16061
86221
44968
40281
91493
25380
11228
89354
54661
25761
42479
7830
84877
24520
52317
47350
58747
7161
62509
51998
88941
85548
2714
20759
48851
88725
36179
35900
13015
34777
56446
877
9743
5594
13909
92814
14233
91314
99920
89575
47787
90701
45734
25854
5524
80202
63787
76050
82428
44218
3744
3407
52828
83906
78809
74154
48046
92495
95155
98303
46903
23367
23914
77734
17477
38417
69093
52692
84863
36690
99929
86098
76174
33433
50885
14067
61077
55545
98062
8949
35848
94611
84176
9468
96619
88572
79182
41018
79513
81504
1491
88869
53085
53673
821
99637
46571
43275
15191
210
26233
54848
77991
63918
45653
95401
719
28287
56456
59079
39291
20762
85318
53506
2887
95235
84354
93201
42276
65599
45851
14591
11749
30375
26506
78997
2440
47261
4408
66028
41934
33877
84319
54088
71811
32828
37082
61653
68506
71357
33738
31558
38317
75341
6011
58168
32416
23536
37167
67839
28764
90411
59534
50916
31039
15423
12947
19546
14927
51266
79240
92559
64088
52166
14240
61151
84089
72941
55931
3663
64749
81092
29665
54705
60498
34654
18307
94056
45675
48335
85015
27024
67313
47721
6889
12181
73030
78326
88172
3487
30823
7466
38286
5577
50567
39820
6447
58602
84870
98917
9747
37573
87306
88667
25412
81869
79673
20046
15820
42412
54056
12767
45105
70812
31672
44265
91156
5336
84054
63934
8219
62657
60832
17915
23709
13635
67174
33441
30131
73399
25627
26006
90857
53546
55619
69908
67372
35857
12147
67400
33684
62147
36145
5455
97840
94276
97985
46291
8877
87511
33466
10447
89397
53746
63535
84038
82255
41602
42832
70575
56168
12445
97429
69606
70923
23078
8502
67953
70938
77123
28501
50525
49210
75021
31729
94362
8656
7609
86657
51369
86670
38888
20489
71332
17898
24604
44010
39031
41213
37545
53774
55208
60887
87288
76904
60612
15438
67718
28209
63125
50984
97052
1717
30929
88821
1476
25953
69475
84729
61112
7182
39665
9478
38436
11051
37131
60076
67129
6231
40298
42761
45467
15546
37817
19176
66224
94428
35591
46889
56163
30239
95783
17642
34562
58329
30582
53499
55795
94086
64373
68480
65956
45712
68960
1767
22437
25325
43215
67660
94579
70209
84741
21339
53726
60808
86978
32485
1261
4904
33739
70915
33479
2460
83842
80594
60140
38434
85737
27109
19547
58666
23344
59688
9361
27566
67899
95386
3655
1066
47782
53993
91672
45472
34832
47153
21556
76758
85886
42462
21709
92040
96779
88507
16860
63774
34740
19110
71016
11656
99101
92956
32010
97868
67305
7096
91303
19274
30288
72724
77460
32052
54462
52022
28728
89832
88188
91644
70092
99194
5182
14154
58545
25628
21329
47952
10323
67021
57138
93887
81618
13328
10751
40055
51183
96174
47801
6179
46476
12234
9967
17223
9316
47936
1892
65926
80263
47946
53897
66969
22317
56729
60229
64654
32793
39915
40841
88996
14678
15115
9584
88017
26333
76165
6065
69361
55012
37457
66524
69894
40557
78774
65158
93124
74061
3933
3544
53631
35304
11846
55443
62697
36759
80157
95315
70684
80428
23031
29750
85562
79655
72653
68476
6528
49279
19638
8683
21369
55673
96342
12924
64274
91921
82343
26747
7893
19796
8845
1853
97428
2119
51809
26248
13436
73779
5735
6427
20712
8314
36953
92237
6623
53231
58532
97768
50079
3391
7864
59253
78508
99540
36530
371
56685
53987
52562
12656
34082
92358
84589
90910
7395
5051
83670
24596
45110
55665
48753
13919
19337
49612
25523
37223
55564
29389
54090
89216
44723
66989
30685
68328
79406
22373
40281
96126
89415
49742
62503
3311
42727
53131
24653
81892
98563
57866
89184
88934
82406
5217
42379
74243
57321
34728
33498
45756
36086
78758
48620
13205
28289
65604
34705
64568
78505
21047
71836
16666
75636
94870
52096
81766
86936
82149
85917
44548
33452
99906
13697
4548
52414
10736
58431
3521
3320
77264
54879
44832
49977
13655
8116
48087
60781
24486
65620
99819
92239
39654
41536
47613
59247
58681
54268
60376
95352
5963
64579
41365
59989
72545
23784
21799
46068
20743
16210
8942
42486
33041
39283
70536
83141
4901
81528
98326
57697
43522
30286
80860
37242
18594
72097
5019
52762
76732
49556
7063
88837
88152
83820
16924
50217
67595
82972
74984
59493
2025
8268
20565
35391
99012
27182
84739
1633
98427
12838
22417
99983
79116
41969
14394
50956
12244
88301
96532
41825
93427
99870
83354
92562
54730
59946
47310
79823
13909
21728
77948
19631
40752
28325
55960
54441
37079
36025
37171
2484
60312
88025
31796
49406
99228
78134
87478
84613
67636
81679
92955
40451
65095
99446
67503
2960
52426
46346
62233
70010
12322
35162
88062
2183
60042
96372
42971
64690
57495
1741
39239
24548
86548
84522
26030
47296
5364
51940
6612
94490
46569
44793
97675
43978
19430
37198
78600
46259
32090
36999
69060
72731
13751
18640
52123
98063
19618
22776
81739
88196
86617
15921
74844
78343
38315
83962
6634
49863
67517
70069
92920
13459
70485
94518
81571
38957
8745
98325
23502
19978
825
32306
76117
52846
91369
64145
62812
18563
25484
96359
83999
4857
57632
731
66026
43365
18542
19164
66441
387
91361
18435
44411
58219
58014
15815
52985
33442
59845
29389
4781
78336
44018
82277
78007
86786
8171
69960
21646
76884
84748
16296
83449
26554
81208
33473
10438
26716
11053
24212
30289
47871
37452
94908
15447
10829
5919
64213
76930
50996
89059
38029
80590
49826
5088
15761
42317
70136
22462
87647
30782
39463
16722
23339
91540
77521
96234
63285
81305
3869
12541
19631
71178
40208
28708
37224
7402
25995
7597
76955
78428
72235
46063
35735
83839
30167
54172
10351
64457
29525
94371
30191
29112
93487
9952
32283
37115
51416
66048
17032
13036
26985
96904
32581
10443
41544
45958
58460
73279
2272
79221
48982
48474
27079
11438
23938
9660
29486
56036
69698
76448
70336
38726
36430
45949
69772
16969
7377
79888
12640
95924
87068
63006
24602
54884
72661
29954
41641
67746
12362
18592
46710
40852
67889
40283
69022
27550
22593
82998
94077
30470
6364
95
60123
2169
95241
66846
75941
82445
98313
69841
55418
25801
66996
87432
79521
5389
5003
70933
82109
44198
95782
5314
4804
83204
81290
32190
91800
75219
90974
22956
93088
46802
44660
6767
11595
11055
80286
13109
21593
3920
35275
70680
82121
91834
52757
63434
3492
14084
39852
73468
39166
65437
63933
74506
16033
92800
90734
37904
56881
6502
92309
64116
98770
29632
71023
50802
43149
77636
43270
66750
70760
67240
83916
38737
29983
28211
2947
43231
23230
65408
41721
9377
60074
92490
7787
7765
73776
94947
38524
72882
27518
42038
13061
4908
48417
99566
15718
35627
89508
71562
54337
36118
58719
70408
20035
44250
86363
59419
86338
84264
2864
96713
74804
62575
16586
62816
3679
85662
91057
51604
40901
63556
12460
30055
67126
66613
79902
34572
1335
76793
97602
42186
41045
90151
36309
87745
70946
69843
6400
63061
23035
54177
18621
53245
62581
21397
34311
24256
71211
58832
88199
2418
77328
69517
64712
13541
78771
93146
47015
46457
75733
15716
11074
63873
56518
79694
19568
73252
92984
16346
88869
5072
73593
25142
46448
69162
29145
93808
15485
59532
13117
64243
46090
92036
60954
5065
85131
13199
35933
80499
29481
18909
11265
77971
38303
92442
79939
25919
34501
11590
21323
36711
99507
69423
86708
9464
85195
73588
66586
31219
34664
20999
1083
80841
6550
74955
84730
67643
93055
16246
20235
93943
73835
15980
97268
67173
2726
83258
92365
7490
44196
28559
75690
57371
79276
53283
42975
66991
12451
89212
74990
25380
70575
12565
43906
72569
53960
64254
29973
9713
55091
43715
17216
67310
89075
77665
67981
3515
3828
38031
68801
74322
14732
82715
91128
43395
87861
29963
25687
58075
28694
1172
20641
56874
36557
81963
50746
90650
76968
74355
61264
93425
52477
81244
99655
97914
56317
97696
90506
54993
23113
82866
82255
49301
63415
4204
13033
40584
22976
16104
74036
26071
49589
51523
30294
83549
88044
33139
98369
68582
56780
89917
17936
49695
76783
91708
91122
10318
49730
54311
61816
7326
6961
23103
65962
76341
43561
18996
17368
42543
74323
95886
5112
73782
87454
5383
7444
74798
30560
31461
16346
95157
48556
89159
17529
35919
76621
82087
20378
54683
10317
34360
83168
52136
66960
93076
22450
69304
59112
85832
14694
62357
58976
70754
58987
78162
18775
15073
82520
92499
97340
74143
3391
12269
67882
38661
40294
40822
3192
25132
31593
84118
25083
92879
47890
67696
30125
17504
13807
11683
26785
58684
70934
10679
68498
35004
69649
33742
68799
81758
59500
90654
96171
97330
17860
62740
43524
62833
76786
88881
64960
5864
15671
93549
27028
96695
59259
52490
55289
64872
10374
29973
27248
21637
12623
94884
19316
18985
73839
53373
51421
30977
93963
42124
80347
54753
27270
90086
91107
15421
88437
69428
24636
82978
5375
86135
58420
40613
5441
18161
90678
49406
41533
77347
95999
77878
11266
92661
63543
32154
47342
78104
72593
70633
19441
49326
99610
22215
64406
40173
3210
55958
89555
70481
65742
90673
48406
97443
56059
90934
83753
52241
49139
67953
77432
56628
7763
92025
70485
28787
14962
32187
92103
3409
33621
11317
52311
14013
87103
92337
91334
41787
40747
5080
32282
96978
2120
75210
66110
44323
12258
43553
53480
62945
65532
84330
54942
83962
78847
4549
1969
36861
71709
9217
69637
13381
8938
56112
71047
32731
15655
90701
63481
27674
83442
15291
88247
62097
41629
85729
85201
67434
24448
44881
98191
96364
47084
74490
79004
35705
67433
55867
53955
15450
33517
9446
96025
15528
55194
72536
89943
68993
89505
13834
77526
97671
48592
67158
33338
46635
33774
11905
63041
56240
34619
51725
45190
1448
14641
63436
14334
70311
29599
20848
93650
60035
39475
32148
70779
52731
65660
76243
47584
1006
89137
78921
50864
2889
93776
55460
43965
81410
6588
9965
72627
79356
56635
48190
42484
39410
60620
31729
64293
90419
15957
91007
29804
60884
26290
24828
95361
29810
20236
21303
12910
22947
9944
44024
33725
34035
9178
79977
16609
37326
69791
42275
14539
88188
43431
79037
73702
2597
6069
2428
28907
6129
23972
82512
22018
97671
33097
41629
13016
62326
34478
26428
71773
88290
8182
22008
60382
81530
92829
12188
52958
57779
66920
37081
85915
97796
77646
7490
68925
98917
84572
3651
2031
34372
37741
99471
60241
19454
43281
61604
98188
64257
67564
55848
73156
60461
37096
35604
16570
25462
53224
22207
58918
77739
3300
309
13129
5938
81946
66458
94574
54915
44699
97503
55149
31837
3930
90741
38703
56813
85133
48152
50237
85620
43277
16438
17454
20360
9374
71706
39138
34013
27409
7400
29310
13147
72412
78950
23733
60105
32843
99877
4773
71047
77336
88636
26091
86068
59012
9204
98688
45946
44293
70370
26762
18291
51181
91855
86962
83235
16524
78625
71323
24356
83333
4612
37258
75174
65340
81712
37422
16136
87664
25882
25667
64287
18225
38720
39991
72832
97575
17774
73681
18259
12090
77693
91758
87726
73234
59585
70987
86767
45913
13885
82195
49339
69276
51714
5205
98397
7017
52035
21430
56145
87447
56683
89775
63915
28419
67095
48750
7195
16657
13290
80259
29547
4786
23581
31772
64138
32491
20562
14789
56888
36671
81078
90704
42004
38170
50578
13654
23459
25187
70556
13034
54857
98192
87489
6427
71034
66844
55976
24430
18088
77153
99831
73686
55834
76037
98255
14720
49425
11411
97520
128
30806
32229
43267
4245
58252
29594
78772
24599
38050
87360
7596
80789
30856
56992
2046
67309
29834
22064
763
41398
35942
58527
49180
41291
48899
76370
16027
78337
29712
4401
2704
10003
80077
81382
89685
25544
25853
18760
76735
60620
50354
98789
39434
71937
66978
48529
51988
95138
89553
76569
18874
94348
49887
45492
26475
50834
95009
61419
83104
70287
10482
77268
45045
68005
69424
50204
41573
70788
83564
51405
78999
61288
46701
94604
65766
29467
62526
34237
33017
57768
87281
58934
26580
73336
65241
16633
7772
73650
53289
29849
5678
50668
49405
97443
74956
30956
34804
75530
60704
56958
97053
53148
58972
15027
8616
10154
60545
62843
5706
63860
30572
50813
62119
87747
41464
90892
68449
47908
87198
56923
21384
19778
36025
96895
96776
91969
55776
4121
61862
5481
21239
20147
20128
66841
23392
59981
54344
32605
73358
3148
75128
38886
98128
91808
51664
54216
40448
68144
39878
41349
71597
38258
23539
22817
24385
16302
74198
38934
79773
57361
35339
60640
37597
19174
50732
88249
89034
82615
5704
81743
25863
34511
85129
61709
21061
35090
3391
36459
8268
52343
7779
40056
70971
36225
56296
54810
36425
17853
79542
53359
88204
47598
33479
17621
42952
52768
1270
40274
88850
51033
89358
92685
42673
7791
44469
84033
78946
22662
21947
31259
21773
3042
88477
81972
69477
1657
88492
23278
5419
66353
33038
39708
37327
49101
94685
19981
25463
93383
18897
86470
48644
39459
67998
69397
59579
45790
27133
36678
53364
94937
3020
32484
61536
41921
81493
76628
14876
51390
53265
31782
96828
76042
57068
57811
5765
85207
31231
72309
34641
25099
46386
51006
6574
78505
35719
90780
48140
38530
42173
57029
41732
25951
61332
55698
8384
93437
65363
30960
30674
46396
29032
66002
93498
56916
46092
19018
16269
9714
81914
46429
3762
59316
18030
22982
86651
75496
73980
51770
82228
73455
13538
32085
67910
90730
39067
22717
318
84370
4677
51978
85289
35008
47493
51008
43819
46524
51330
63527
22035
87406
30841
59039
90842
32955
61771
85893
77394
59485
53727
29628
35006
58454
39331
25775
39560
4432
35684
63922
63616
99511
50229
70913
80181
39879
38378
61123
39455
18670
84123
54418
28434
48939
15046
61741
96361
29365
51967
90495
42375
27248
65057
33308
19212
22208
10577
66208
21567
30893
1407
28116
66396
27331
6921
10426
91266
30047
15000
16583
86435
85129
94721
30489
97012
70876
88857
8231
72809
61620
86578
40946
30242
13793
46520
50375
38740
19172
56658
74552
14133
31454
55541
96967
62514
98930
73320
65718
19664
80097
47627
50696
54876
5716
19333
57855
88426
43013
95104
53687
45845
10769
79292
91307
25693
86431
96810
90522
87594
95657
45409
96475
19876
57761
46127
96443
69126
14966
76453
77865
25291
87328
93714
12562
80499
81480
81764
5932
34126
35951
33257
13630
4185
95625
37342
34592
42319
57676
94596
40310
55967
87861
76252
24231
38149
15817
14392
30690
68113
52797
24084
28959
46494
20905
20805
22173
41416
97816
75015
38877
75062
59845
29842
52797
36901
16474
1005
32152
35065
9515
24617
29668
13711
16437
54085
83629
80643
59250
83555
52067
92362
6989
55267
71609
52742
21770
89275
25796
63834
33660
77327
53155
46357
3660
40033
31624
41077
46979
7579
3293
80400
85782
16713
86295
31082
78982
9499
58382
66686
94977
35432
76647
83239
99676
75304
74935
51938
71373
82530
62621
25091
1547
31487
60149
73636
71488
59401
41921
43625
51302
59979
27418
56307
1716
29356